Length
1	2	3	4	5	6	7	8	9	10	11	12	13	14
35	35	35	35	35	35	35	35	35	35	35	35	35	35

design
10	2	19	2	8	7	6	1	4	11	5	3	4	1
28	16	23	17	13	8	9	11	9	19	6	23	20	3
30	17	26	29	14	32	13	43	10	20	32	24	25	5
31	21	44	39	18	54	18	45	28	24	51	27	40	7
36	30	47	45	25	60	21	53	33	27	58	41	52	14
42	31	48	57	29	71	51	57	34	43	93	46	53	16
73	33	55	65	38	73	59	95	35	46	99	59	61	26
89	34	58	81	52	76	76	98	47	49	100	66	78	36
91	35	64	82	89	116	94	110	48	50	101	69	79	38
92	42	65	83	112	122	98	111	60	61	103	70	80	39
104	44	66	94	114	125	109	112	64	67	111	77	84	40
124	54	69	102	127	131	113	114	72	68	121	78	85	41
143	55	71	103	130	132	137	157	75	107	137	79	86	49
146	68	96	115	140	133	152	158	131	108	139	80	87	50
150	75	97	117	141	134	158	162	143	117	153	81	90	67
157	93	99	119	150	139	171	163	144	125	155	82	92	70
166	107	100	122	155	141	178	164	146	130	165	83	95	77
175	120	101	124	160	149	180	174	152	145	168	84	109	96
176	128	102	128	162	154	183	181	153	167	170	85	113	97
177	140	104	147	163	165	188	184	156	170	171	86	126	115
189	149	110	148	164	186	196	185	182	175	183	87	132	116
192	154	119	174	169	202	201	188	184	176	197	90	133	127
193	168	126	198	178	215	208	196	185	177	206	91	134	142
194	187	129	199	190	220	211	198	190	187	207	108	142	144
210	191	160	202	201	225	213	199	197	192	208	121	156	147
220	195	182	206	234	229	217	205	213	193	209	129	195	148
221	203	200	207	235	232	231	210	214	194	215	145	222	166
233	205	212	221	236	248	239	222	217	200	218	169	229	167
234	209	214	226	237	252	242	223	223	218	219	172	230	186
235	219	228	227	238	253	254	226	224	228	239	181	231	189
236	224	248	238	240	255	256	227	225	250	243	211	232	191
237	230	260	240	249	257	262	233	243	252	245	255	241	203
260	242	261	247	254	263	263	249	245	253	247	262	257	212
261	265	271	259	256	270	266	250	264	259	266	264	258	241
269	273	274	273	274	275	267	270	275	265	267	269	271	258

expected score
1.0	0.365

2.0	0.387

3.0	0.403

4.0	0.426

5.0	0.354

6.0	0.417

7.0	0.368

8.0	0.372

9.0	0.404

10.0	0.387

11.0	0.378

12.0	0.369

13.0	0.408

14.0	0.346

Categorical variables
UNIT
S032651	2	2	0	0	0	0	0	0	0	0	0	0	0	0
S032665	0	3	0	0	0	0	0	0	3	0	0	0	0	0
S042049	0	0	2	0	0	0	0	0	2	0	0	0	0	0
S042051	0	0	0	0	0	0	0	0	0	2	0	0	0	2
S042222	0	0	0	0	0	0	0	0	0	0	0	3	3	0
S042228	0	0	0	3	0	0	0	0	0	0	0	3	0	0
S042238	0	0	0	0	0	0	0	0	0	0	0	3	3	0
S042293	0	0	2	0	0	0	0	0	0	0	0	0	0	2
S042300	0	0	3	0	0	0	0	0	0	0	3	0	0	0
S052085	0	0	0	0	0	2	0	0	0	0	0	0	2	0
S052090	0	0	0	0	0	0	0	0	0	0	0	0	0	0
S052112	0	0	0	2	0	0	0	0	0	0	0	0	0	2
S052165	0	0	0	0	3	0	0	3	0	0	0	0	0	0
S052243	3	0	0	0	0	0	0	0	0	3	0	0	0	0
S052263	0	0	0	0	0	0	0	2	2	0	0	0	0	0
S052289	3	0	0	0	0	0	0	0	0	3	0	0	0	0
S052303	0	0	0	2	0	0	0	2	0	0	0	0	0	0
S062024	0	0	0	2	0	0	0	0	0	0	2	0	0	0
S062091	0	0	0	2	0	0	0	2	0	0	0	0	0	0
S062103	0	0	0	0	0	1	0	0	0	0	0	0	1	0
S062116	3	0	0	0	3	0	0	0	0	0	0	0	0	0
S062173	0	0	0	0	0	2	0	0	0	2	0	0	0	0
S062211	2	0	2	0	0	0	0	0	0	0	0	0	0	0

Content_Domain
Biology	10	13	12	13	12	10	10	13	13	11	10	10	13	13
Physics	8	9	10	7	10	7	10	10	9	8	12	13	10	9
Chemistry	7	7	7	7	7	7	7	7	7	6	7	7	7	7
Earth_Science	10	6	6	8	6	11	8	5	6	10	6	5	5	6

Cognitive_Domain
Knowing	9	13	13	14	11	14	10	14	17	12	10	11	8	11
Applying	12	10	16	13	16	10	16	9	6	13	14	18	18	18
Reasoning	14	12	6	8	8	11	9	12	12	10	11	6	9	6

Item_Type
CR	23	16	18	17	18	13	16	20	14	17	16	15	17	16
MC	12	19	17	18	17	22	19	15	21	18	19	20	18	19

Topic
2	10	14	11	14	14	18	15	16	15	13	14	13	14	13
1	14	13	11	14	12	11	12	12	9	14	15	17	14	16
3	9	4	11	5	5	6	6	5	6	6	4	5	5	5
4	2	1	2	2	4	0	2	2	2	2	2	0	2	1
5	0	3	0	0	0	0	0	0	3	0	0	0	0	0

Biology_Knowing
1	3	4	4	5	3	3	0	5	6	6	1	2	3	7
0	32	31	31	30	32	32	35	30	29	29	34	33	32	28

Biology_Applying
0	33	33	28	31	29	32	28	31	34	32	29	27	29	30
1	2	2	7	4	6	3	7	4	1	3	6	8	6	5

Biology_Reasoning
0	30	28	34	31	32	31	32	31	29	33	32	35	31	34
1	5	7	1	4	3	4	3	4	6	2	3	0	4	1

Chemistry_Knowing
0	32	31	32	32	33	32	33	34	31	34	30	34	35	33
1	3	4	3	3	2	3	2	1	4	1	5	1	0	2

Chemistry_Applying
0	34	33	31	33	30	34	33	32	35	33	33	32	30	31
1	1	2	4	2	5	1	2	3	0	2	2	3	5	4

Chemistry_Reasoning
0	32	34	35	33	35	32	32	32	32	32	35	32	33	34
1	3	1	0	2	0	3	3	3	3	3	0	3	2	1

Physics_Knowing
0	32	33	33	34	32	34	33	31	30	34	33	30	32	34
1	3	2	2	1	3	1	2	4	5	1	2	5	3	1

Physics_Applying
0	32	31	31	30	31	31	29	34	33	32	31	29	31	30
1	3	4	4	5	4	4	6	1	2	3	4	6	4	5

Physics_Reasoning
0	33	32	31	34	32	33	33	30	33	31	29	33	32	32
1	2	3	4	1	3	2	2	5	2	4	6	2	3	3

Earth_Knowing
0	35	32	31	30	32	28	29	31	33	31	33	32	33	34
1	0	3	4	5	3	7	6	4	2	4	2	3	2	1

Earth_Applying
0	29	33	34	33	34	33	34	34	32	30	33	34	32	31
1	6	2	1	2	1	2	1	1	3	5	2	1	3	4

Earth_Reasoning
0	31	34	34	34	33	33	34	35	34	34	33	34	35	34
1	4	1	1	1	2	2	1	0	1	1	2	1	0	1

Sum variables

Overlap matrix
	1	2	3	4	5	6	7	8	9	10	11	12	13	14
1	35	3	3	2	6	2	0	3	4	6	0	2	1	3
2	3	35	2	4	1	3	2	1	5	4	4	0	2	3
3	3	2	35	3	2	2	0	1	5	3	4	4	2	4
4	2	4	3	35	3	2	1	7	0	2	4	3	0	4
5	6	1	2	3	35	2	6	6	1	1	1	1	2	3
6	2	3	2	2	2	35	2	1	4	3	4	1	6	3
7	0	2	0	1	6	2	35	4	4	0	9	3	3	0
8	3	1	1	7	6	1	4	35	3	3	1	1	3	1
9	4	5	5	0	1	4	4	3	35	0	4	1	2	1
10	6	4	3	2	1	3	0	3	0	35	2	5	2	4
11	0	4	4	4	1	4	9	1	4	2	35	1	0	1
12	2	0	4	3	1	1	3	1	1	5	1	35	8	4
13	1	2	2	0	2	6	3	3	2	2	0	8	35	4
14	3	3	4	4	3	3	0	1	1	4	1	4	4	35

Item use
1	2.0
2	2.0
3	2.0
4	2.0
5	2.0
6	2.0
7	2.0
8	2.0
9	2.0
10	2.0
11	2.0
13	2.0
14	2.0
16	2.0
17	2.0
18	2.0
19	2.0
20	2.0
21	2.0
23	2.0
24	2.0
25	2.0
26	2.0
27	2.0
28	2.0
29	2.0
30	2.0
31	2.0
32	2.0
33	2.0
34	2.0
35	2.0
36	2.0
38	2.0
39	2.0
40	2.0
41	2.0
42	2.0
43	2.0
44	2.0
45	2.0
46	2.0
47	2.0
48	2.0
49	2.0
50	2.0
51	2.0
52	2.0
53	2.0
54	2.0
55	2.0
57	2.0
58	2.0
59	2.0
60	2.0
61	2.0
64	2.0
65	2.0
66	2.0
67	2.0
68	2.0
69	2.0
70	2.0
71	2.0
73	2.0
75	2.0
76	2.0
77	2.0
78	2.0
79	2.0
80	2.0
81	2.0
82	2.0
83	2.0
84	2.0
85	2.0
86	2.0
87	2.0
89	2.0
90	2.0
91	2.0
92	2.0
93	2.0
94	2.0
95	2.0
96	2.0
97	2.0
98	2.0
99	2.0
100	2.0
101	2.0
102	2.0
103	2.0
104	2.0
107	2.0
108	2.0
109	2.0
110	2.0
111	2.0
112	2.0
113	2.0
114	2.0
115	2.0
116	2.0
117	2.0
119	2.0
121	2.0
122	2.0
124	2.0
125	2.0
126	2.0
127	2.0
128	2.0
129	2.0
130	2.0
131	2.0
132	2.0
133	2.0
134	2.0
137	2.0
139	2.0
140	2.0
141	2.0
142	2.0
143	2.0
144	2.0
145	2.0
146	2.0
147	2.0
148	2.0
149	2.0
150	2.0
152	2.0
153	2.0
154	2.0
155	2.0
156	2.0
157	2.0
158	2.0
160	2.0
162	2.0
163	2.0
164	2.0
165	2.0
166	2.0
167	2.0
168	2.0
169	2.0
170	2.0
171	2.0
174	2.0
175	2.0
176	2.0
177	2.0
178	2.0
181	2.0
182	2.0
183	2.0
184	2.0
185	2.0
186	2.0
187	2.0
188	2.0
189	2.0
190	2.0
191	2.0
192	2.0
193	2.0
194	2.0
195	2.0
196	2.0
197	2.0
198	2.0
199	2.0
200	2.0
201	2.0
202	2.0
203	2.0
205	2.0
206	2.0
207	2.0
208	2.0
209	2.0
210	2.0
211	2.0
212	2.0
213	2.0
214	2.0
215	2.0
217	2.0
218	2.0
219	2.0
220	2.0
221	2.0
222	2.0
223	2.0
224	2.0
225	2.0
226	2.0
227	2.0
228	2.0
229	2.0
230	2.0
231	2.0
232	2.0
233	2.0
234	2.0
235	2.0
236	2.0
237	2.0
238	2.0
239	2.0
240	2.0
241	2.0
242	2.0
243	2.0
245	2.0
247	2.0
248	2.0
249	2.0
250	2.0
252	2.0
253	2.0
254	2.0
255	2.0
256	2.0
257	2.0
258	2.0
259	2.0
260	2.0
261	2.0
262	2.0
263	2.0
264	2.0
265	2.0
266	2.0
267	2.0
269	2.0
270	2.0
271	2.0
273	2.0
274	2.0
275	2.0
72	1.0
120	1.0
172	1.0
180	1.0
12	0.0
15	0.0
22	0.0
37	0.0
56	0.0
62	0.0
63	0.0
74	0.0
88	0.0
105	0.0
106	0.0
118	0.0
123	0.0
135	0.0
136	0.0
138	0.0
151	0.0
159	0.0
161	0.0
173	0.0
179	0.0
204	0.0
216	0.0
244	0.0
246	0.0
251	0.0
268	0.0
272	0.0
276	0.0
