Length
1	2	3	4	5	6	7	8	9	10	11	12	13	14
45	45	45	45	45	45	45	45	45	45	45	45	45	45

design
4	3	4	5	10	13	2	9	7	6	11	1	1	19
8	8	16	9	33	15	3	14	20	11	15	2	5	27
10	13	17	14	47	19	22	23	39	30	20	5	7	28
11	16	41	27	48	31	24	24	45	34	22	33	16	29
17	23	44	28	49	32	25	25	76	35	32	42	38	40
34	31	47	29	50	38	26	26	86	37	46	57	42	78
40	33	48	30	57	43	39	40	87	41	66	91	59	79
53	50	49	35	71	46	70	44	91	43	67	92	74	92
54	58	52	37	72	50	78	45	94	58	68	96	82	108
55	73	83	63	77	53	79	52	102	61	69	103	85	112
62	91	117	64	86	54	80	59	132	62	81	108	97	117
85	98	137	66	94	55	81	63	147	65	82	118	101	137
88	99	154	67	106	61	88	64	159	74	87	128	102	147
93	100	155	68	107	63	90	83	164	75	93	131	104	149
104	101	158	69	111	64	119	109	171	80	97	134	109	150
110	105	160	81	119	70	120	123	174	90	105	135	112	173
118	110	161	89	120	71	122	140	179	97	106	139	114	181
144	111	162	92	127	72	124	141	180	98	107	150	115	192
145	123	163	94	134	73	125	142	182	99	113	157	116	209
166	124	175	96	135	76	126	143	186	100	121	158	132	216
167	125	181	103	148	77	129	146	187	113	122	170	139	225
168	126	183	110	150	87	147	164	212	148	133	177	149	226
169	138	197	114	151	90	153	184	213	170	138	179	157	227
171	144	198	115	156	96	166	188	214	173	146	183	159	228
172	151	199	116	160	106	177	189	215	183	149	185	165	232
176	153	200	121	161	107	204	197	217	193	151	190	167	236
182	154	207	133	162	128	220	198	218	204	156	191	168	243
185	155	212	140	163	131	229	199	219	223	164	203	169	247
191	167	213	141	172	137	232	200	238	225	171	209	190	260
197	168	214	142	188	146	237	201	241	226	180	221	195	272
198	169	215	143	189	177	238	220	245	227	208	231	203	287
199	175	217	157	196	195	253	231	254	228	218	240	207	288
200	184	241	165	217	196	258	234	255	233	222	246	233	290
201	186	254	176	230	205	259	243	256	235	229	251	237	291
205	192	255	178	258	221	261	254	257	246	230	263	245	292
206	206	256	184	263	247	266	255	270	253	259	271	250	297
208	211	257	244	266	287	267	256	272	260	273	278	253	298
211	219	282	251	267	289	268	257	273	278	279	296	266	299
216	234	283	258	268	291	269	261	280	282	281	302	267	300
222	240	286	280	269	302	273	262	302	283	297	308	268	301
236	250	292	305	271	309	279	270	304	286	298	314	269	307
246	262	294	311	284	319	288	311	306	288	299	315	289	310
295	284	295	312	293	320	293	312	309	296	300	316	290	315
306	303	307	319	304	322	303	318	310	323	301	318	305	321
321	307	315	320	325	323	308	324	318	324	303	322	314	322

expected score
1.0	0.523

2.0	0.527

3.0	0.596

4.0	0.577

5.0	0.552

6.0	0.517

7.0	0.475

8.0	0.572

9.0	0.547

10.0	0.477

11.0	0.513

12.0	0.522

13.0	0.524

14.0	0.516

Categorical variables
UNIT
S042049	0	0	0	1	0	0	0	0	0	0	0	1	1	0
S042222	0	0	0	0	0	0	3	3	0	0	0	0	0	0
S042228	0	0	0	3	0	0	0	0	0	0	0	0	0	3
S042300	0	0	0	2	0	0	0	0	0	2	0	0	0	0
S052015	0	0	3	0	3	0	0	0	0	0	0	0	0	0
S052043	3	0	0	0	0	3	0	0	0	0	0	0	0	0
S052085	0	0	0	2	0	2	0	2	0	0	0	0	0	0
S052092	0	0	0	4	0	0	0	0	0	0	4	0	0	0
S052095	0	0	0	0	2	2	0	0	0	0	0	0	0	0
S052112	0	0	0	0	0	0	2	0	0	0	0	0	0	2
S052243	0	3	0	0	0	0	0	0	0	3	0	0	0	0
S052263	0	0	0	0	2	2	0	0	0	0	2	0	0	0
S052289	0	0	0	3	0	0	0	0	0	0	0	0	3	0
S052303	0	0	0	0	2	0	2	0	0	0	0	0	0	0
S062010	0	3	0	0	0	0	3	0	0	0	0	0	0	0
S062018	0	0	0	0	0	2	0	0	0	0	0	2	0	0
S062022	0	0	0	0	0	0	0	0	1	0	0	0	1	0
S062024	0	0	0	0	2	0	0	0	0	0	0	2	0	0
S062042	0	0	0	4	0	0	0	4	0	0	0	0	0	0
S062091	0	2	2	0	0	0	0	0	0	0	0	0	0	0
S062101	0	0	4	0	4	0	0	0	0	0	0	0	0	0
S062116	3	3	0	0	0	0	0	0	0	0	0	0	3	0
S062189	0	0	0	0	2	0	0	2	0	0	0	0	0	0
S062243	4	0	4	0	0	0	0	4	0	0	0	0	0	0
S072000	0	0	4	0	0	0	0	0	4	0	0	0	0	0
S072033	0	0	0	0	0	0	0	0	0	4	0	0	0	4
S072143	0	0	4	0	0	0	0	4	4	0	0	0	0	0
S072232	0	0	0	0	4	0	4	0	0	0	0	0	4	0
S072260	0	0	0	0	0	0	0	0	0	0	0	0	0	0
S072265	0	0	3	0	0	0	0	0	0	3	0	0	0	0
S072345	0	0	0	0	0	0	0	0	0	0	5	0	0	5
S072403	0	0	0	2	0	0	0	2	0	0	0	0	0	0
S072900	0	0	0	2	0	2	0	0	0	0	0	0	0	0
S072905	0	0	0	0	0	1	0	0	0	1	0	0	0	0

Content_Domain
Biology	15	16	15	16	16	16	15	16	15	15	15	15	16	15
Chemistry	9	9	9	9	9	9	9	9	9	9	9	9	9	9
Physics	11	12	11	11	12	10	12	10	11	13	11	11	11	11
Earth_Science	10	8	10	9	8	10	9	10	10	8	10	10	9	10

Cognitive_Domain
Applying	15	15	15	16	15	16	15	15	16	16	16	15	15	15
Knowing	15	15	15	15	15	15	15	15	15	16	16	15	16	15
Reasoning	15	15	15	14	15	14	15	15	14	13	13	15	14	15

Item_Type
MC	28	28	35	22	28	26	30	33	34	25	26	34	26	25
CR	17	17	10	23	17	19	15	12	11	20	19	11	19	20

New_Cycle
0	12	11	5	20	8	16	9	9	5	9	14	10	16	7
1	31	31	40	23	35	27	34	35	35	31	26	35	29	36

Topic

Biology_Knowing
0	41	41	40	38	39	42	40	38	41	37	39	40	40	38
1	4	4	5	7	6	3	5	7	4	8	6	5	5	7

Biology_Applying
1	4	7	8	3	4	6	9	5	8	6	5	5	6	3
0	41	38	37	42	41	39	36	40	37	39	40	40	39	42

Biology_Reasoning
0	38	40	43	39	39	38	44	41	42	44	41	40	40	40
1	7	5	2	6	6	7	1	4	3	1	4	5	5	5

Chemistry_Knowing
0	42	40	44	43	44	42	40	43	42	43	42	40	40	42
1	3	5	1	2	1	3	5	2	3	2	3	5	5	3

Chemistry_Applying
0	41	43	41	41	40	41	45	42	45	42	43	43	44	43
1	4	2	4	4	5	4	0	3	0	3	2	2	1	2

Chemistry_Reasoning
0	43	43	41	42	42	43	41	41	39	41	41	43	42	41
1	2	2	4	3	3	2	4	4	6	4	4	2	3	4

Physics_Knowing
0	41	41	39	43	43	42	43	43	42	40	41	44	44	41
1	4	4	6	2	2	3	2	2	3	5	4	1	1	4

Physics_Applying
0	40	42	43	39	41	42	42	38	40	42	41	40	41	42
1	5	3	2	6	4	3	3	7	5	3	4	5	4	3

Physics_Reasoning
0	43	40	42	42	39	41	38	44	42	40	42	40	39	41
1	2	5	3	3	6	4	7	1	3	5	3	5	6	4

Earth_Knowing
0	41	43	42	41	39	39	42	41	40	44	42	41	40	44
1	4	2	3	4	6	6	3	4	5	1	3	4	5	1

Earth_Applying
0	43	42	44	42	43	42	42	45	42	41	40	42	41	38
1	2	3	1	3	2	3	3	0	3	4	5	3	4	7

Earth_Reasoning
0	41	42	39	43	45	44	42	39	43	42	43	42	45	43
1	4	3	6	2	0	1	3	6	2	3	2	3	0	2

Sum variables

Overlap matrix
	1	2	3	4	5	6	7	8	9	10	11	12	13	14
1	45	8	7	2	2	4	2	6	3	4	5	4	5	4
2	8	45	5	2	5	4	6	5	3	4	4	3	6	2
3	7	5	45	0	8	1	0	11	10	5	0	3	2	6
4	2	2	0	45	2	5	2	11	2	3	7	6	7	4
5	2	5	8	2	45	7	8	2	4	1	5	7	4	1
6	4	4	1	5	7	45	3	3	4	4	7	7	3	6
7	2	6	0	2	8	3	45	5	4	5	8	3	6	5
8	6	5	11	11	2	3	5	45	8	1	2	2	2	2
9	3	3	10	2	4	4	4	8	45	0	7	4	5	3
10	4	4	5	3	1	4	5	1	0	45	3	5	4	7
11	5	4	0	7	5	7	8	2	7	3	45	0	3	6
12	4	3	3	6	7	7	3	2	4	5	0	45	8	6
13	5	6	2	7	4	3	6	2	5	4	3	8	45	3
14	4	2	6	4	1	6	5	2	3	7	6	6	3	45

Item use
5	3.0
11	3.0
16	3.0
33	3.0
40	3.0
50	3.0
63	3.0
64	3.0
81	3.0
87	3.0
90	3.0
91	3.0
92	3.0
94	3.0
96	3.0
97	3.0
106	3.0
107	3.0
110	3.0
137	3.0
146	3.0
147	3.0
149	3.0
150	3.0
151	3.0
157	3.0
164	3.0
167	3.0
168	3.0
169	3.0
171	3.0
177	3.0
183	3.0
184	3.0
197	3.0
198	3.0
199	3.0
200	3.0
217	3.0
246	3.0
253	3.0
254	3.0
255	3.0
256	3.0
257	3.0
258	3.0
266	3.0
267	3.0
268	3.0
269	3.0
273	3.0
288	3.0
302	3.0
303	3.0
307	3.0
315	3.0
318	3.0
322	3.0
1	2.0
2	2.0
3	2.0
4	2.0
7	2.0
8	2.0
9	2.0
10	2.0
13	2.0
14	2.0
15	2.0
17	2.0
19	2.0
20	2.0
22	2.0
23	2.0
24	2.0
25	2.0
26	2.0
27	2.0
28	2.0
29	2.0
30	2.0
31	2.0
32	2.0
34	2.0
35	2.0
37	2.0
38	2.0
39	2.0
41	2.0
42	2.0
43	2.0
44	2.0
45	2.0
46	2.0
47	2.0
48	2.0
49	2.0
52	2.0
53	2.0
54	2.0
55	2.0
57	2.0
58	2.0
59	2.0
61	2.0
62	2.0
66	2.0
67	2.0
68	2.0
69	2.0
70	2.0
71	2.0
72	2.0
73	2.0
74	2.0
76	2.0
77	2.0
78	2.0
79	2.0
80	2.0
82	2.0
83	2.0
85	2.0
86	2.0
88	2.0
93	2.0
98	2.0
99	2.0
100	2.0
101	2.0
102	2.0
103	2.0
104	2.0
105	2.0
108	2.0
109	2.0
111	2.0
112	2.0
113	2.0
114	2.0
115	2.0
116	2.0
117	2.0
118	2.0
119	2.0
120	2.0
121	2.0
122	2.0
123	2.0
124	2.0
125	2.0
126	2.0
128	2.0
131	2.0
132	2.0
133	2.0
134	2.0
135	2.0
138	2.0
139	2.0
140	2.0
141	2.0
142	2.0
143	2.0
144	2.0
148	2.0
153	2.0
154	2.0
155	2.0
156	2.0
158	2.0
159	2.0
160	2.0
161	2.0
162	2.0
163	2.0
165	2.0
166	2.0
170	2.0
172	2.0
173	2.0
175	2.0
176	2.0
179	2.0
180	2.0
181	2.0
182	2.0
185	2.0
186	2.0
188	2.0
189	2.0
190	2.0
191	2.0
192	2.0
195	2.0
196	2.0
201	2.0
203	2.0
204	2.0
205	2.0
206	2.0
207	2.0
208	2.0
209	2.0
211	2.0
212	2.0
213	2.0
214	2.0
215	2.0
216	2.0
218	2.0
219	2.0
220	2.0
221	2.0
222	2.0
225	2.0
226	2.0
227	2.0
228	2.0
229	2.0
230	2.0
231	2.0
232	2.0
233	2.0
234	2.0
236	2.0
237	2.0
238	2.0
240	2.0
241	2.0
243	2.0
245	2.0
247	2.0
250	2.0
251	2.0
259	2.0
260	2.0
261	2.0
262	2.0
263	2.0
270	2.0
271	2.0
272	2.0
278	2.0
279	2.0
280	2.0
282	2.0
283	2.0
284	2.0
286	2.0
287	2.0
289	2.0
290	2.0
291	2.0
292	2.0
293	2.0
295	2.0
296	2.0
297	2.0
298	2.0
299	2.0
300	2.0
301	2.0
304	2.0
305	2.0
306	2.0
308	2.0
309	2.0
310	2.0
311	2.0
312	2.0
314	2.0
319	2.0
320	2.0
321	2.0
323	2.0
324	2.0
6	1.0
65	1.0
75	1.0
89	1.0
127	1.0
129	1.0
145	1.0
174	1.0
178	1.0
187	1.0
193	1.0
223	1.0
235	1.0
244	1.0
281	1.0
294	1.0
316	1.0
325	1.0
12	0.0
18	0.0
21	0.0
36	0.0
51	0.0
56	0.0
60	0.0
84	0.0
95	0.0
130	0.0
136	0.0
152	0.0
194	0.0
202	0.0
210	0.0
224	0.0
239	0.0
242	0.0
248	0.0
249	0.0
252	0.0
264	0.0
265	0.0
274	0.0
275	0.0
276	0.0
277	0.0
285	0.0
313	0.0
317	0.0
