Length
1	2	3	4	5	6	7	8	9	10	11	12	13	14
35	35	35	35	35	35	35	35	35	35	35	35	35	35

design
25	6	8	4	21	1	6	1	2	13	5	20	7	3
28	11	18	9	29	3	11	2	10	20	7	23	27	5
30	16	19	10	52	4	17	9	28	25	45	24	42	8
31	44	23	14	59	24	18	13	33	26	51	41	46	16
73	46	29	17	67	26	19	14	34	27	75	52	53	33
89	49	40	42	68	32	21	30	35	32	93	66	61	34
94	50	43	45	92	49	38	31	47	36	98	69	84	35
110	54	44	55	95	50	40	39	48	41	99	73	85	36
127	58	58	57	98	54	51	47	57	43	100	76	86	38
154	64	65	59	104	60	76	48	71	55	101	78	90	39
157	75	66	60	115	78	94	53	112	81	103	79	95	71
158	81	69	61	130	79	109	62	114	82	114	80	96	116
160	82	77	64	155	80	113	77	122	83	121	87	97	119
180	83	87	65	162	84	125	91	143	89	122	90	102	124
187	107	92	67	163	85	130	111	146	108	137	91	108	142
192	112	96	68	164	86	146	134	150	111	139	107	110	147
193	120	97	93	175	109	158	152	156	117	141	113	121	148
194	128	99	102	176	116	166	159	167	119	149	117	126	152
200	144	100	103	177	127	169	162	169	125	168	129	132	166
203	156	101	115	178	132	171	163	180	139	171	144	133	183
211	188	104	120	181	133	178	164	182	140	183	147	140	186
219	191	126	124	190	134	188	165	184	141	197	148	142	187
221	210	129	128	202	137	196	170	185	145	206	153	143	189
222	211	150	154	214	145	201	184	191	170	207	155	165	197
230	212	157	167	234	149	204	185	206	175	215	174	182	200
233	213	160	189	235	153	210	190	207	176	217	181	195	209
234	220	174	198	236	168	213	198	220	177	218	195	229	215
235	224	196	199	237	186	217	199	223	205	241	201	231	239
236	228	205	203	238	192	219	208	224	209	245	202	232	249
237	230	212	226	241	193	225	222	243	218	247	204	240	254
243	242	214	227	248	194	231	223	245	221	252	225	252	258
247	260	228	238	256	208	254	226	249	229	253	242	253	263
255	261	260	239	257	232	262	227	264	259	256	262	259	268
257	264	261	271	258	240	266	233	270	266	269	263	268	273
265	265	269	273	267	248	271	255	275	270	274	267	275	274

expected score
1.0	0.418

2.0	0.39

3.0	0.373

4.0	0.47

5.0	0.36

6.0	0.403

7.0	0.396

8.0	0.396

9.0	0.351

10.0	0.338

11.0	0.377

12.0	0.37

13.0	0.364

14.0	0.354

Categorical variables
UNIT
S032651	2	0	0	0	0	0	0	2	0	0	0	0	0	0
S032665	0	0	0	0	0	0	0	0	3	0	0	0	0	3
S042049	0	0	0	0	0	0	0	2	2	0	0	0	0	0
S042051	0	2	0	0	0	2	0	0	0	0	0	0	0	0
S042222	0	0	0	0	0	3	0	0	0	0	0	3	0	0
S042228	0	3	0	0	0	0	0	0	0	3	0	0	0	0
S042238	0	0	0	0	0	3	0	0	0	0	0	0	3	0
S042293	0	0	2	0	0	0	0	0	0	0	0	0	2	0
S042300	0	0	3	0	0	0	0	0	0	0	3	0	0	0
S052085	0	0	0	0	0	2	0	0	0	0	0	0	2	0
S052090	0	0	0	0	0	0	0	0	0	0	0	0	0	0
S052112	0	0	0	0	0	0	0	0	0	0	0	2	0	2
S052165	0	0	0	0	3	0	0	3	0	0	0	0	0	0
S052243	0	0	0	0	3	0	0	0	0	3	0	0	0	0
S052263	0	0	0	0	0	0	0	2	2	0	0	0	0	0
S052289	3	0	0	0	0	3	0	0	0	0	0	0	0	0
S052303	0	0	0	2	0	0	0	2	0	0	0	0	0	0
S062024	0	0	0	0	0	0	0	0	2	0	2	0	0	0
S062091	0	0	0	2	0	0	0	2	0	0	0	0	0	0
S062103	0	0	0	0	0	1	0	0	0	0	0	0	1	0
S062116	3	0	0	0	3	0	0	0	0	0	0	0	0	0
S062173	0	0	0	0	0	0	0	0	0	0	2	0	2	0
S062211	0	2	2	0	0	0	0	0	0	0	0	0	0	0

Content_Domain
Biology	10	12	11	13	10	13	11	12	12	10	12	12	12	12
Physics	7	9	9	8	14	8	8	12	11	9	9	7	11	6
Chemistry	11	7	6	9	6	7	8	7	5	10	5	9	4	10
Earth_Science	7	7	9	5	5	7	8	4	7	6	9	7	8	7

Cognitive_Domain
Knowing	9	14	16	14	12	7	16	12	15	9	9	13	9	10
Applying	16	13	13	10	14	18	13	12	5	16	17	17	12	13
Reasoning	10	8	6	11	9	10	6	11	15	10	9	5	14	12

Item_Type
CR	17	19	17	13	17	19	16	16	16	18	14	16	23	17
MC	18	16	18	22	18	16	19	19	19	17	21	19	12	18

Topic
2	16	14	9	12	11	18	18	12	15	15	9	14	15	16
1	13	11	17	12	16	12	11	15	11	11	17	14	12	12
3	2	9	8	9	5	5	5	6	4	6	7	5	8	3
4	4	1	1	2	3	0	1	2	2	3	2	2	0	1
5	0	0	0	0	0	0	0	0	3	0	0	0	0	3

Biology_Knowing
1	4	5	5	4	3	2	4	3	5	2	3	2	4	4
0	31	30	30	31	32	33	31	32	30	33	32	33	31	31

Biology_Applying
0	33	32	29	31	31	28	29	30	34	30	28	27	32	32
1	2	3	6	4	4	7	6	5	1	5	7	8	3	3

Biology_Reasoning
0	31	31	35	30	32	31	34	31	29	32	33	33	30	30
1	4	4	0	5	3	4	1	4	6	3	2	2	5	5

Chemistry_Knowing
0	32	33	33	31	31	31	32	33	33	33	33	31	35	32
1	3	2	2	4	4	4	3	2	2	2	2	4	0	3

Chemistry_Applying
0	31	33	32	33	33	33	33	33	35	30	33	31	32	29
1	4	2	3	2	2	2	2	2	0	5	2	4	3	6

Chemistry_Reasoning
0	31	32	34	32	35	34	32	32	32	32	34	34	34	34
1	4	3	1	3	0	1	3	3	3	3	1	1	1	1

Physics_Knowing
0	35	32	32	33	33	34	32	29	30	33	34	32	33	34
1	0	3	3	2	2	1	3	6	5	2	1	3	2	1

Physics_Applying
0	29	29	32	32	29	32	31	32	33	31	31	32	31	34
1	6	6	3	3	6	3	4	3	2	4	4	3	4	1

Physics_Reasoning
0	34	35	32	32	29	31	34	32	31	32	31	34	30	31
1	1	0	3	3	6	4	1	3	4	3	4	1	5	4

Earth_Knowing
0	33	31	29	31	32	35	29	34	32	32	32	31	32	33
1	2	4	6	4	3	0	6	1	3	3	3	4	3	2

Earth_Applying
0	31	33	34	34	33	29	34	33	33	33	31	33	33	32
1	4	2	1	1	2	6	1	2	2	2	4	2	2	3

Earth_Reasoning
0	34	34	33	35	35	34	34	34	33	34	33	34	32	33
1	1	1	2	0	0	1	1	1	2	1	2	1	3	2

Sum variables

Overlap matrix
	1	2	3	4	5	6	7	8	9	10	11	12	13	14
1	35	3	2	2	5	4	3	5	3	3	1	1	1	2
2	3	35	6	3	0	3	5	0	6	3	1	3	1	1
3	2	6	35	1	4	0	4	1	1	2	4	6	3	1
4	2	3	1	35	5	2	2	6	3	1	3	0	3	4
5	5	0	4	5	35	1	3	4	0	3	3	5	1	1
6	4	3	0	2	1	35	1	3	0	3	3	5	7	3
7	3	5	4	2	3	1	35	0	2	2	3	6	1	3
8	5	0	1	6	4	3	0	35	6	3	0	1	2	2
9	3	6	1	3	0	0	2	6	35	1	5	0	3	5
10	3	3	2	1	3	3	2	3	1	35	3	3	5	3
11	1	1	4	3	3	3	3	0	5	3	35	0	4	5
12	1	3	6	0	5	5	6	1	0	3	0	35	2	3
13	1	1	3	3	1	7	1	2	3	5	4	2	35	2
14	2	1	1	4	1	3	3	2	5	3	5	3	2	35

Item use
1	2.0
2	2.0
3	2.0
4	2.0
5	2.0
6	2.0
7	2.0
8	2.0
9	2.0
10	2.0
11	2.0
13	2.0
14	2.0
16	2.0
17	2.0
18	2.0
19	2.0
20	2.0
21	2.0
23	2.0
24	2.0
25	2.0
26	2.0
27	2.0
28	2.0
29	2.0
30	2.0
31	2.0
32	2.0
33	2.0
34	2.0
35	2.0
36	2.0
38	2.0
39	2.0
40	2.0
41	2.0
42	2.0
43	2.0
44	2.0
45	2.0
46	2.0
47	2.0
48	2.0
49	2.0
50	2.0
51	2.0
52	2.0
53	2.0
54	2.0
55	2.0
57	2.0
58	2.0
59	2.0
60	2.0
61	2.0
64	2.0
65	2.0
66	2.0
67	2.0
68	2.0
69	2.0
71	2.0
73	2.0
75	2.0
76	2.0
77	2.0
78	2.0
79	2.0
80	2.0
81	2.0
82	2.0
83	2.0
84	2.0
85	2.0
86	2.0
87	2.0
89	2.0
90	2.0
91	2.0
92	2.0
93	2.0
94	2.0
95	2.0
96	2.0
97	2.0
98	2.0
99	2.0
100	2.0
101	2.0
102	2.0
103	2.0
104	2.0
107	2.0
108	2.0
109	2.0
110	2.0
111	2.0
112	2.0
113	2.0
114	2.0
115	2.0
116	2.0
117	2.0
119	2.0
120	2.0
121	2.0
122	2.0
124	2.0
125	2.0
126	2.0
127	2.0
128	2.0
129	2.0
130	2.0
132	2.0
133	2.0
134	2.0
137	2.0
139	2.0
140	2.0
141	2.0
142	2.0
143	2.0
144	2.0
145	2.0
146	2.0
147	2.0
148	2.0
149	2.0
150	2.0
152	2.0
153	2.0
154	2.0
155	2.0
156	2.0
157	2.0
158	2.0
160	2.0
162	2.0
163	2.0
164	2.0
165	2.0
166	2.0
167	2.0
168	2.0
169	2.0
170	2.0
171	2.0
174	2.0
175	2.0
176	2.0
177	2.0
178	2.0
180	2.0
181	2.0
182	2.0
183	2.0
184	2.0
185	2.0
186	2.0
187	2.0
188	2.0
189	2.0
190	2.0
191	2.0
192	2.0
193	2.0
194	2.0
195	2.0
196	2.0
197	2.0
198	2.0
199	2.0
200	2.0
201	2.0
202	2.0
203	2.0
204	2.0
205	2.0
206	2.0
207	2.0
208	2.0
209	2.0
210	2.0
211	2.0
212	2.0
213	2.0
214	2.0
215	2.0
217	2.0
218	2.0
219	2.0
220	2.0
221	2.0
222	2.0
223	2.0
224	2.0
225	2.0
226	2.0
227	2.0
228	2.0
229	2.0
230	2.0
231	2.0
232	2.0
233	2.0
234	2.0
235	2.0
236	2.0
237	2.0
238	2.0
239	2.0
240	2.0
241	2.0
242	2.0
243	2.0
245	2.0
247	2.0
248	2.0
249	2.0
252	2.0
253	2.0
254	2.0
255	2.0
256	2.0
257	2.0
258	2.0
259	2.0
260	2.0
261	2.0
262	2.0
263	2.0
264	2.0
265	2.0
266	2.0
267	2.0
268	2.0
269	2.0
270	2.0
271	2.0
273	2.0
274	2.0
275	2.0
62	1.0
159	1.0
12	0.0
15	0.0
22	0.0
37	0.0
56	0.0
63	0.0
70	0.0
72	0.0
74	0.0
88	0.0
105	0.0
106	0.0
118	0.0
123	0.0
131	0.0
135	0.0
136	0.0
138	0.0
151	0.0
161	0.0
172	0.0
173	0.0
179	0.0
216	0.0
244	0.0
246	0.0
250	0.0
251	0.0
272	0.0
276	0.0
