Length
1	2	3	4	5	6	7	8	9	10	11	12	13	14
45	45	45	45	45	45	45	45	45	45	45	45	45	45

design
8	2	20	3	21	5	5	4	9	12	3	2	12	7
11	15	23	4	24	10	7	13	10	16	17	13	30	9
35	16	24	5	25	16	8	14	11	31	20	33	38	46
37	17	25	27	26	18	14	40	15	38	22	39	40	56
42	23	26	28	27	33	30	41	22	42	40	74	46	62
53	53	43	29	28	35	32	59	33	50	47	82	57	70
54	54	47	66	29	37	45	70	39	61	48	85	58	78
55	55	48	67	31	43	59	77	45	66	49	90	71	79
63	62	49	68	32	50	78	82	63	67	81	91	72	84
64	81	57	69	41	52	79	90	64	68	98	110	92	94
73	85	61	87	50	57	81	96	80	69	99	114	113	106
77	91	73	96	52	63	86	98	83	76	100	115	118	107
87	92	80	102	58	64	89	99	87	91	104	116	122	108
88	93	101	110	88	71	90	100	89	109	109	118	132	113
104	94	106	111	103	72	92	105	94	129	128	119	150	117
112	101	107	114	121	74	93	117	130	137	131	120	158	140
122	111	112	115	133	76	96	121	138	148	133	146	176	141
129	119	134	116	157	86	105	123	145	149	134	147	197	142
146	120	135	124	160	102	106	149	148	151	135	151	198	143
157	124	139	125	161	103	107	160	150	171	150	153	199	145
164	125	145	126	162	108	110	161	154	190	151	158	200	146
165	126	156	140	163	123	137	162	155	201	156	165	205	147
172	132	166	141	164	128	138	163	159	219	159	167	212	177
179	137	167	142	180	131	149	197	170	225	170	168	213	180
183	139	168	143	187	153	157	198	171	226	217	169	214	188
188	147	169	172	196	164	171	199	181	227	232	179	215	189
189	154	173	197	203	173	175	200	185	228	236	181	216	204
191	155	177	198	204	177	185	207	186	239	240	183	233	220
210	167	183	199	206	182	208	208	191	250	245	195	237	223
211	168	190	200	217	192	209	223	206	259	246	203	250	225
222	169	201	211	231	196	210	224	207	262	263	205	253	226
224	175	209	221	240	217	220	230	212	274	266	216	259	227
234	182	246	223	258	221	229	231	213	275	267	230	274	228
245	186	250	229	266	243	238	232	214	276	268	236	275	249
271	192	260	242	267	244	243	247	215	277	269	239	276	258
272	195	262	266	268	246	251	252	222	290	290	251	279	271
274	219	273	267	269	252	258	261	233	297	297	260	285	273
275	234	280	268	273	281	261	272	238	298	298	270	287	277
276	237	284	269	289	282	281	278	247	299	299	278	291	294
277	252	289	284	293	283	291	280	249	300	300	282	292	306
296	253	303	287	295	286	294	288	253	301	301	283	293	318
302	263	304	295	302	302	308	292	279	306	309	286	304	319
305	285	311	309	308	305	311	307	288	307	310	296	319	320
314	303	312	324	315	310	312	314	303	316	315	321	320	322
315	323	318	325	321	318	316	322	307	321	322	325	323	324

expected score
1.0	0.555

2.0	0.535

3.0	0.534

4.0	0.641

5.0	0.51

6.0	0.516

7.0	0.499

8.0	0.495

9.0	0.521

10.0	0.555

11.0	0.609

12.0	0.529

13.0	0.624

14.0	0.543

Categorical variables
UNIT
S042049	0	0	0	1	0	1	1	0	0	0	0	0	0	0
S042222	0	0	3	0	3	0	0	0	0	0	0	0	0	0
S042228	0	0	0	3	3	0	0	0	0	0	0	0	0	0
S042300	2	0	0	0	0	2	0	0	0	0	0	0	0	0
S052015	0	0	3	0	0	0	0	0	0	0	3	0	0	0
S052043	3	3	0	0	0	0	0	0	0	0	0	0	0	0
S052085	2	0	0	0	0	2	0	0	2	0	0	0	0	0
S052092	0	0	0	4	0	0	0	0	0	4	0	0	0	0
S052095	0	0	0	0	0	2	0	0	0	0	0	0	2	0
S052112	0	0	0	0	0	0	2	0	0	0	0	0	0	2
S052243	0	0	0	0	0	0	0	3	0	0	3	0	0	0
S052263	0	0	2	0	0	0	2	0	0	0	0	0	0	2
S052289	0	0	0	3	0	0	0	0	0	0	0	3	0	0
S052303	0	2	0	0	0	0	0	0	0	0	0	2	0	0
S062010	0	3	0	3	0	0	0	0	0	0	0	0	0	0
S062018	0	0	0	0	0	2	0	0	0	0	2	0	0	0
S062022	0	1	0	0	0	0	0	0	0	0	0	0	1	0
S062024	0	0	2	0	0	0	0	0	0	0	2	0	0	0
S062042	0	0	0	4	0	0	0	0	0	0	0	0	0	4
S062091	0	2	0	0	0	0	0	0	2	0	0	0	0	0
S062101	0	0	0	0	4	0	0	4	0	0	0	0	0	0
S062116	0	3	3	0	0	0	0	0	0	0	0	3	0	0
S062189	2	0	0	0	0	0	0	0	0	0	0	0	0	2
S062243	0	0	0	4	0	0	0	4	0	0	0	0	4	0
S072000	0	0	0	0	0	0	0	0	4	0	0	0	4	0
S072033	0	0	0	0	0	0	0	0	0	4	0	0	0	4
S072143	0	0	0	0	0	0	0	0	0	0	0	0	0	0
S072232	0	0	0	4	4	0	0	0	0	0	4	0	0	0
S072260	3	0	0	0	0	0	0	0	0	3	0	0	3	0
S072265	0	0	0	0	0	3	0	0	0	0	0	3	0	0
S072345	0	0	0	0	0	0	0	0	0	5	5	0	0	0
S072403	0	0	2	0	0	0	2	0	0	0	0	0	0	0
S072900	0	0	0	0	0	0	0	0	0	0	0	0	2	2
S072905	0	1	0	0	0	0	0	0	0	0	0	0	1	0

Content_Domain
Biology	15	15	15	16	15	15	16	16	16	16	15	15	15	15
Chemistry	9	9	9	9	9	9	9	9	9	9	9	9	9	9
Physics	12	13	11	12	12	11	12	11	10	10	11	12	12	13
Earth_Science	9	8	10	8	9	10	8	9	10	10	10	9	9	8

Cognitive_Domain
Applying	16	16	16	15	15	16	15	15	16	16	16	16	15	15
Knowing	15	15	15	15	15	15	16	15	15	15	15	15	16	15
Reasoning	14	14	14	15	15	14	14	15	14	14	14	14	14	15

Item_Type
MC	30	30	30	30	30	30	30	30	30	30	30	30	30	30
CR	15	15	15	15	15	15	15	15	15	15	15	15	15	15

New_Cycle
0	13	15	12	16	11	10	12	9	9	11	6	12	5	5
1	29	29	31	26	32	33	32	35	33	32	37	33	37	34

Topic

Biology_Knowing
0	40	40	41	36	41	42	39	40	41	36	38	40	42	38
1	5	5	4	9	4	3	6	5	4	9	7	5	3	7

Biology_Applying
1	5	6	6	4	5	6	4	8	8	4	3	4	9	3
0	40	39	39	41	40	39	41	37	37	41	42	41	36	42

Biology_Reasoning
0	40	41	40	42	39	39	39	42	41	42	40	39	42	40
1	5	4	5	3	6	6	6	3	4	3	5	6	3	5

Chemistry_Knowing
0	41	42	42	42	42	42	42	42	42	42	41	42	42	41
1	4	3	3	3	3	3	3	3	3	3	4	3	3	4

Chemistry_Applying
0	42	42	42	42	42	42	42	42	42	42	42	42	42	42
1	3	3	3	3	3	3	3	3	3	3	3	3	3	3

Chemistry_Reasoning
0	43	42	42	42	42	42	42	42	42	42	43	42	42	43
1	2	3	3	3	3	3	3	3	3	3	2	3	3	2

Physics_Knowing
0	44	42	41	43	43	40	41	41	42	44	44	41	40	44
1	1	3	4	2	2	5	4	4	3	1	1	4	5	1

Physics_Applying
0	39	40	41	40	40	42	40	42	43	43	41	41	42	39
1	6	5	4	5	5	3	5	3	2	2	4	4	3	6

Physics_Reasoning
0	40	40	42	40	40	42	42	41	40	38	39	41	41	39
1	5	5	3	5	5	3	3	4	5	7	6	4	4	6

Earth_Knowing
0	40	41	41	44	39	41	42	42	40	43	42	42	40	42
1	5	4	4	1	6	4	3	3	5	2	3	3	5	3

Earth_Applying
0	43	43	42	42	43	41	42	44	42	38	39	40	45	42
1	2	2	3	3	2	4	3	1	3	7	6	5	0	3

Earth_Reasoning
0	43	43	42	41	44	43	43	40	43	44	44	44	41	43
1	2	2	3	4	1	2	2	5	2	1	1	1	4	2

Sum variables

Overlap matrix
	1	2	3	4	5	6	7	8	9	10	11	12	13	14
1	45	4	3	3	5	7	3	4	6	6	3	5	4	5
2	4	45	7	4	0	4	5	1	7	4	3	10	6	3
3	3	7	45	1	5	6	5	1	3	5	8	5	3	6
4	3	4	1	45	8	3	4	7	1	4	6	5	5	6
5	5	0	5	8	45	7	4	7	1	3	8	2	2	4
6	7	4	6	3	7	45	4	2	4	3	5	6	3	3
7	3	5	5	4	4	4	45	8	6	4	1	3	3	8
8	4	1	1	7	7	2	8	45	4	2	6	5	6	4
9	6	7	3	1	1	4	6	4	45	3	4	3	8	4
10	6	4	5	4	3	3	4	2	3	45	8	4	7	6
11	3	3	8	6	8	5	1	6	4	8	45	2	2	1
12	5	10	5	5	2	6	3	5	3	4	2	45	4	2
13	4	6	3	5	2	3	3	6	8	7	2	4	45	4
14	5	3	6	6	4	3	8	4	4	6	1	2	4	45

Item use
5	3.0
16	3.0
33	3.0
40	3.0
50	3.0
57	3.0
63	3.0
64	3.0
81	3.0
87	3.0
90	3.0
91	3.0
92	3.0
94	3.0
96	3.0
106	3.0
107	3.0
110	3.0
137	3.0
145	3.0
146	3.0
147	3.0
149	3.0
150	3.0
151	3.0
157	3.0
164	3.0
167	3.0
168	3.0
169	3.0
171	3.0
177	3.0
183	3.0
197	3.0
198	3.0
199	3.0
200	3.0
217	3.0
223	3.0
246	3.0
250	3.0
252	3.0
253	3.0
258	3.0
266	3.0
267	3.0
268	3.0
269	3.0
273	3.0
274	3.0
275	3.0
276	3.0
277	3.0
302	3.0
303	3.0
307	3.0
315	3.0
318	3.0
321	3.0
322	3.0
2	2.0
3	2.0
4	2.0
7	2.0
8	2.0
9	2.0
10	2.0
11	2.0
12	2.0
13	2.0
14	2.0
15	2.0
17	2.0
20	2.0
22	2.0
23	2.0
24	2.0
25	2.0
26	2.0
27	2.0
28	2.0
29	2.0
30	2.0
31	2.0
32	2.0
35	2.0
37	2.0
38	2.0
39	2.0
41	2.0
42	2.0
43	2.0
45	2.0
46	2.0
47	2.0
48	2.0
49	2.0
52	2.0
53	2.0
54	2.0
55	2.0
58	2.0
59	2.0
61	2.0
62	2.0
66	2.0
67	2.0
68	2.0
69	2.0
70	2.0
71	2.0
72	2.0
73	2.0
74	2.0
76	2.0
77	2.0
78	2.0
79	2.0
80	2.0
82	2.0
85	2.0
86	2.0
88	2.0
89	2.0
93	2.0
98	2.0
99	2.0
100	2.0
101	2.0
102	2.0
103	2.0
104	2.0
105	2.0
108	2.0
109	2.0
111	2.0
112	2.0
113	2.0
114	2.0
115	2.0
116	2.0
117	2.0
118	2.0
119	2.0
120	2.0
121	2.0
122	2.0
123	2.0
124	2.0
125	2.0
126	2.0
128	2.0
129	2.0
131	2.0
132	2.0
133	2.0
134	2.0
135	2.0
138	2.0
139	2.0
140	2.0
141	2.0
142	2.0
143	2.0
148	2.0
153	2.0
154	2.0
155	2.0
156	2.0
158	2.0
159	2.0
160	2.0
161	2.0
162	2.0
163	2.0
165	2.0
170	2.0
172	2.0
173	2.0
175	2.0
179	2.0
180	2.0
181	2.0
182	2.0
185	2.0
186	2.0
188	2.0
189	2.0
190	2.0
191	2.0
192	2.0
195	2.0
196	2.0
201	2.0
203	2.0
204	2.0
205	2.0
206	2.0
207	2.0
208	2.0
209	2.0
210	2.0
211	2.0
212	2.0
213	2.0
214	2.0
215	2.0
216	2.0
219	2.0
220	2.0
221	2.0
222	2.0
224	2.0
225	2.0
226	2.0
227	2.0
228	2.0
229	2.0
230	2.0
231	2.0
232	2.0
233	2.0
234	2.0
236	2.0
237	2.0
238	2.0
239	2.0
240	2.0
243	2.0
245	2.0
247	2.0
249	2.0
251	2.0
259	2.0
260	2.0
261	2.0
262	2.0
263	2.0
271	2.0
272	2.0
278	2.0
279	2.0
280	2.0
281	2.0
282	2.0
283	2.0
284	2.0
285	2.0
286	2.0
287	2.0
288	2.0
289	2.0
290	2.0
291	2.0
292	2.0
293	2.0
294	2.0
295	2.0
296	2.0
297	2.0
298	2.0
299	2.0
300	2.0
301	2.0
304	2.0
305	2.0
306	2.0
308	2.0
309	2.0
310	2.0
311	2.0
312	2.0
314	2.0
316	2.0
319	2.0
320	2.0
323	2.0
324	2.0
325	2.0
18	1.0
21	1.0
56	1.0
83	1.0
84	1.0
130	1.0
166	1.0
176	1.0
187	1.0
242	1.0
244	1.0
270	1.0
1	0.0
6	0.0
19	0.0
34	0.0
36	0.0
44	0.0
51	0.0
60	0.0
65	0.0
75	0.0
95	0.0
97	0.0
127	0.0
136	0.0
144	0.0
152	0.0
174	0.0
178	0.0
184	0.0
193	0.0
194	0.0
202	0.0
218	0.0
235	0.0
241	0.0
248	0.0
254	0.0
255	0.0
256	0.0
257	0.0
264	0.0
265	0.0
313	0.0
317	0.0
