Length
1	2	3	4	5	6	7	8	9	10	11	12	13	14
45	45	45	45	45	45	45	45	45	45	45	45	45	45

design
5	9	24	2	8	4	3	7	2	16	3	5	6	21
8	11	25	6	12	5	14	30	9	21	4	12	16	40
20	13	26	27	20	7	23	32	10	31	14	13	27	52
22	15	35	28	31	10	30	40	17	38	15	17	28	58
33	16	37	29	41	35	32	46	22	42	39	24	29	62
40	23	47	41	61	37	45	50	33	47	59	25	71	70
42	44	48	50	78	39	63	73	45	48	77	26	72	77
53	46	49	57	79	43	64	83	57	49	91	33	81	105
54	81	66	58	82	50	78	88	76	59	98	38	86	106
55	85	67	60	84	52	79	90	80	63	99	43	109	107
61	91	68	71	87	53	83	102	90	64	100	74	110	113
73	96	69	72	92	54	89	121	93	66	106	82	113	117
76	101	80	108	93	55	92	133	94	67	107	87	114	118
85	102	81	110	94	57	96	160	133	68	108	91	115	134
87	103	90	111	105	62	103	161	137	69	112	96	116	135
88	104	101	114	110	63	106	162	150	74	122	98	129	140
92	109	134	115	111	64	107	163	154	112	123	99	145	141
94	117	135	116	149	70	128	170	155	122	129	100	156	142
104	119	139	124	158	86	131	180	167	137	132	118	157	143
146	120	145	125	172	89	146	181	168	147	148	119	158	146
147	124	167	126	180	128	149	192	169	171	150	120	177	148
151	125	168	138	188	131	151	197	171	190	153	121	197	152
156	126	169	140	189	138	153	198	183	223	175	123	198	172
157	132	173	141	191	139	159	199	185	225	206	150	199	220
164	137	175	142	203	145	171	200	186	226	217	151	200	223
170	149	177	143	204	147	207	211	201	227	221	157	204	225
173	154	183	159	205	164	211	219	207	228	222	160	212	226
177	155	244	164	208	165	220	230	212	231	229	161	213	227
179	167	247	165	209	179	232	232	213	237	237	162	214	228
183	168	249	176	217	181	240	239	214	246	239	163	215	233
185	169	252	196	231	182	243	250	215	253	246	182	216	238
191	186	259	197	251	188	252	252	229	260	250	195	245	242
201	190	261	198	258	189	261	259	233	264	260	203	258	245
222	192	262	199	271	209	277	272	243	274	263	205	271	253
230	195	274	200	273	210	284	273	244	275	266	210	282	258
234	217	275	206	287	224	289	278	247	276	267	216	283	274
236	219	276	221	288	249	297	281	253	281	268	246	286	275
238	250	280	234	295	266	298	285	270	297	269	251	288	276
240	277	285	236	307	267	299	290	277	298	270	273	304	279
263	282	291	266	308	268	300	294	284	299	279	278	305	280
272	283	293	267	310	269	301	315	288	300	304	289	319	302
296	286	303	268	314	291	302	318	292	301	306	290	320	308
302	303	311	269	315	293	309	321	295	306	321	292	323	318
314	316	312	287	321	294	311	322	303	307	322	296	324	319
316	323	318	309	322	315	312	325	305	310	324	307	325	320

expected score
1.0	0.508

2.0	0.539

3.0	0.541

4.0	0.588

5.0	0.535

6.0	0.531

7.0	0.542

8.0	0.518

9.0	0.526

10.0	0.619

11.0	0.537

12.0	0.559

13.0	0.541

14.0	0.56

Categorical variables
UNIT
S042049	1	0	0	0	0	1	0	0	0	0	0	1	0	0
S042222	0	0	3	0	0	0	0	0	0	0	0	3	0	0
S042228	0	0	0	3	0	0	0	0	0	0	0	0	3	0
S042300	0	0	2	0	0	2	0	0	0	0	0	0	0	0
S052015	0	0	3	0	0	0	0	0	0	3	0	0	0	0
S052043	3	0	0	0	0	3	0	0	0	0	0	0	0	0
S052085	0	0	0	0	0	2	2	0	0	2	0	0	0	0
S052092	0	0	4	0	0	0	0	0	0	4	0	0	0	0
S052095	0	0	0	2	0	0	0	0	0	0	0	0	2	0
S052112	0	0	0	0	2	0	2	0	0	0	0	0	0	0
S052243	0	0	0	0	0	0	0	0	0	0	3	3	0	0
S052263	0	0	0	0	0	0	2	0	0	0	2	0	0	2
S052289	0	0	0	3	0	0	0	0	0	0	0	0	3	0
S052303	0	2	0	0	0	0	0	0	0	0	0	2	0	0
S062010	0	3	0	3	0	0	0	0	0	0	0	0	0	0
S062018	0	0	0	0	0	2	2	0	0	0	0	0	0	0
S062022	0	1	0	0	0	0	0	0	0	0	1	0	0	0
S062024	0	0	2	0	0	0	0	0	0	0	0	0	0	2
S062042	0	0	0	4	0	0	0	0	0	0	0	0	0	4
S062091	0	2	0	0	0	0	0	0	2	0	0	0	0	0
S062101	0	0	0	0	0	0	0	4	0	0	0	4	0	0
S062116	0	3	3	0	0	0	0	0	3	0	0	0	0	0
S062189	0	0	0	0	2	2	0	0	0	0	0	0	0	0
S062243	0	0	0	4	0	0	0	4	0	0	0	0	4	0
S072000	0	0	0	0	0	0	0	0	4	0	0	0	4	0
S072033	0	0	0	0	0	0	0	0	0	4	0	0	0	4
S072143	0	0	0	0	0	0	0	0	0	0	0	0	0	0
S072232	0	0	0	4	0	4	0	0	0	0	4	0	0	0
S072260	0	0	3	0	0	0	0	0	0	3	0	0	0	3
S072265	0	3	0	0	0	0	0	0	0	0	0	0	3	0
S072345	0	0	0	0	0	0	5	0	0	5	0	0	0	0
S072403	0	0	2	0	0	0	2	0	0	0	0	0	0	0
S072900	0	0	0	0	0	0	0	0	0	0	0	0	2	2
S072905	0	1	0	0	0	0	0	0	0	0	0	0	1	0

Content_Domain
Biology	15	16	15	15	15	15	15	15	15	16	15	15	16	16
Chemistry	9	9	9	9	9	9	9	9	9	9	9	9	9	9
Physics	13	10	13	12	13	13	11	11	11	10	13	13	10	12
Earth_Science	8	10	8	9	8	8	10	10	10	10	8	8	10	8

Cognitive_Domain
Applying	16	15	16	16	16	16	16	15	15	16	15	16	15	15
Knowing	15	15	15	15	15	15	15	15	15	16	15	15	15	16
Reasoning	14	15	14	14	14	14	14	15	15	13	15	14	15	14

Item_Type
MC	30	30	30	30	30	30	30	30	30	30	30	30	30	30
CR	15	15	15	15	15	15	15	15	15	15	15	15	15	15

New_Cycle
0	16	15	10	10	10	12	11	5	6	11	12	16	7	5
1	29	28	32	33	33	32	31	35	36	31	30	29	35	38

Topic

Biology_Knowing
0	38	42	39	37	40	42	38	41	42	36	40	41	40	37
1	7	3	6	8	5	3	7	4	3	9	5	4	5	8

Biology_Applying
1	4	8	6	4	5	6	3	6	7	3	4	7	8	3
0	41	37	39	41	40	39	42	39	38	42	41	38	37	42

Biology_Reasoning
0	41	40	42	42	40	39	40	40	40	41	39	41	42	40
1	4	5	3	3	5	6	5	5	5	4	6	4	3	5

Chemistry_Knowing
0	42	42	41	42	42	41	42	42	42	42	41	42	42	42
1	3	3	4	3	3	4	3	3	3	3	4	3	3	3

Chemistry_Applying
0	42	42	42	42	42	42	42	42	42	42	42	42	42	42
1	3	3	3	3	3	3	3	3	3	3	3	3	3	3

Chemistry_Reasoning
0	42	42	43	42	42	43	42	42	42	42	43	42	42	42
1	3	3	2	3	3	2	3	3	3	3	2	3	3	3

Physics_Knowing
0	44	42	42	42	42	43	42	40	41	43	44	41	40	43
1	1	3	3	3	3	2	3	5	4	2	1	4	5	2

Physics_Applying
0	38	43	40	40	39	40	41	41	43	42	40	42	44	39
1	7	2	5	5	6	5	4	4	2	3	5	3	1	6

Physics_Reasoning
0	40	40	40	41	41	39	41	43	40	40	38	39	41	41
1	5	5	5	4	4	6	4	2	5	5	7	6	4	4

Earth_Knowing
0	41	39	43	44	41	39	43	42	40	43	40	41	43	42
1	4	6	2	1	4	6	2	3	5	2	5	4	2	3

Earth_Applying
0	43	43	43	41	43	43	39	43	42	38	42	42	42	42
1	2	2	2	4	2	2	6	2	3	7	3	3	3	3

Earth_Reasoning
0	43	43	41	41	43	45	43	40	43	44	45	44	40	43
1	2	2	4	4	2	0	2	5	2	1	0	1	5	2

Sum variables

Overlap matrix
	1	2	3	4	5	6	7	8	9	10	11	12	13	14
1	45	3	3	3	8	7	5	6	7	2	2	6	3	4
2	3	45	6	3	2	0	5	5	10	3	5	6	7	1
3	3	6	45	0	0	7	4	5	9	10	1	3	3	7
4	3	3	0	45	4	9	2	5	2	0	7	0	14	5
5	8	2	0	4	45	4	4	5	4	4	3	8	6	4
6	7	0	7	9	4	45	5	5	2	3	6	4	2	3
7	5	5	4	2	4	5	45	6	6	8	5	3	0	5
8	6	5	5	5	5	5	6	45	2	1	4	8	5	2
9	7	10	9	2	4	2	6	2	45	3	3	4	6	2
10	2	3	10	0	4	3	8	1	3	45	7	4	1	10
11	2	5	1	7	3	6	5	4	3	7	45	7	3	5
12	6	6	3	0	8	4	3	8	4	4	7	45	2	1
13	3	7	3	14	6	2	0	5	6	1	3	2	45	5
14	4	1	7	5	4	3	5	2	2	10	5	1	5	45

Item use
5	3.0
16	3.0
33	3.0
40	3.0
50	3.0
57	3.0
63	3.0
64	3.0
81	3.0
87	3.0
90	3.0
91	3.0
92	3.0
94	3.0
96	3.0
106	3.0
107	3.0
110	3.0
137	3.0
145	3.0
146	3.0
147	3.0
149	3.0
150	3.0
151	3.0
157	3.0
164	3.0
167	3.0
168	3.0
169	3.0
171	3.0
177	3.0
183	3.0
197	3.0
198	3.0
199	3.0
200	3.0
217	3.0
246	3.0
250	3.0
252	3.0
253	3.0
258	3.0
266	3.0
267	3.0
268	3.0
269	3.0
273	3.0
274	3.0
275	3.0
276	3.0
277	3.0
288	3.0
302	3.0
303	3.0
307	3.0
315	3.0
318	3.0
321	3.0
322	3.0
2	2.0
3	2.0
4	2.0
6	2.0
7	2.0
8	2.0
9	2.0
10	2.0
12	2.0
13	2.0
14	2.0
15	2.0
17	2.0
20	2.0
21	2.0
22	2.0
23	2.0
24	2.0
25	2.0
26	2.0
27	2.0
28	2.0
29	2.0
30	2.0
31	2.0
32	2.0
35	2.0
37	2.0
38	2.0
39	2.0
41	2.0
42	2.0
43	2.0
45	2.0
46	2.0
47	2.0
48	2.0
49	2.0
52	2.0
53	2.0
54	2.0
55	2.0
58	2.0
59	2.0
61	2.0
62	2.0
66	2.0
67	2.0
68	2.0
69	2.0
70	2.0
71	2.0
72	2.0
73	2.0
74	2.0
76	2.0
77	2.0
78	2.0
79	2.0
80	2.0
82	2.0
83	2.0
85	2.0
86	2.0
88	2.0
89	2.0
93	2.0
98	2.0
99	2.0
100	2.0
101	2.0
102	2.0
103	2.0
104	2.0
105	2.0
108	2.0
109	2.0
111	2.0
112	2.0
113	2.0
114	2.0
115	2.0
116	2.0
117	2.0
118	2.0
119	2.0
120	2.0
121	2.0
122	2.0
123	2.0
124	2.0
125	2.0
126	2.0
128	2.0
129	2.0
131	2.0
132	2.0
133	2.0
134	2.0
135	2.0
138	2.0
139	2.0
140	2.0
141	2.0
142	2.0
143	2.0
148	2.0
153	2.0
154	2.0
155	2.0
156	2.0
158	2.0
159	2.0
160	2.0
161	2.0
162	2.0
163	2.0
165	2.0
170	2.0
172	2.0
173	2.0
175	2.0
179	2.0
180	2.0
181	2.0
182	2.0
185	2.0
186	2.0
188	2.0
189	2.0
190	2.0
191	2.0
192	2.0
195	2.0
201	2.0
203	2.0
204	2.0
205	2.0
206	2.0
207	2.0
209	2.0
210	2.0
211	2.0
212	2.0
213	2.0
214	2.0
215	2.0
216	2.0
219	2.0
220	2.0
221	2.0
222	2.0
223	2.0
225	2.0
226	2.0
227	2.0
228	2.0
229	2.0
230	2.0
231	2.0
232	2.0
233	2.0
234	2.0
236	2.0
237	2.0
238	2.0
239	2.0
240	2.0
243	2.0
244	2.0
245	2.0
247	2.0
249	2.0
251	2.0
259	2.0
260	2.0
261	2.0
263	2.0
270	2.0
271	2.0
272	2.0
278	2.0
279	2.0
280	2.0
281	2.0
282	2.0
283	2.0
284	2.0
285	2.0
286	2.0
287	2.0
289	2.0
290	2.0
291	2.0
292	2.0
293	2.0
294	2.0
295	2.0
296	2.0
297	2.0
298	2.0
299	2.0
300	2.0
301	2.0
304	2.0
305	2.0
306	2.0
308	2.0
309	2.0
310	2.0
311	2.0
312	2.0
314	2.0
316	2.0
319	2.0
320	2.0
323	2.0
324	2.0
325	2.0
11	1.0
44	1.0
60	1.0
84	1.0
152	1.0
176	1.0
196	1.0
208	1.0
224	1.0
242	1.0
262	1.0
264	1.0
1	0.0
18	0.0
19	0.0
34	0.0
36	0.0
51	0.0
56	0.0
65	0.0
75	0.0
95	0.0
97	0.0
127	0.0
130	0.0
136	0.0
144	0.0
166	0.0
174	0.0
178	0.0
184	0.0
187	0.0
193	0.0
194	0.0
202	0.0
218	0.0
235	0.0
241	0.0
248	0.0
254	0.0
255	0.0
256	0.0
257	0.0
265	0.0
313	0.0
317	0.0
