Length
1	2	3	4	5	6	7	8	9	10	11	12	13	14
45	45	45	45	45	45	45	45	45	45	45	45	45	45

design
5	3	10	5	11	11	4	8	9	2	2	3	4	5
8	6	23	17	16	13	12	16	12	10	17	6	9	7
30	7	24	22	19	21	13	40	14	31	20	33	27	53
35	11	25	35	20	31	14	51	16	33	22	43	28	54
37	15	26	37	24	43	15	57	32	38	30	58	29	55
42	23	40	39	25	45	21	58	33	39	62	62	59	59
46	27	47	47	26	50	32	76	45	40	81	70	66	70
73	28	48	48	41	52	38	106	57	41	83	74	67	77
78	29	49	49	50	63	42	107	80	53	91	80	68	78
79	88	57	60	52	64	46	108	81	54	92	82	69	79
85	93	61	66	56	71	50	121	90	55	96	87	71	82
87	94	74	67	61	72	63	123	92	63	106	90	72	91
88	101	85	68	73	76	64	132	93	64	107	109	83	98
94	102	96	69	87	81	77	133	112	91	110	110	94	99
96	103	124	98	103	86	86	137	133	108	122	118	110	100
104	104	125	99	113	89	92	151	158	112	138	119	114	106
105	111	126	100	117	90	105	154	159	139	151	120	115	107
130	113	134	111	132	101	128	155	165	145	156	121	116	117
150	119	135	114	139	118	131	160	167	146	177	122	128	137
157	120	138	115	146	123	147	161	168	150	183	137	131	140
164	134	149	116	148	148	149	162	169	164	208	145	196	141
165	135	158	124	157	149	152	163	170	184	211	146	197	142
173	145	167	125	160	153	157	172	171	190	212	172	198	143
177	154	168	126	161	156	159	180	181	210	213	179	199	147
179	155	169	140	162	164	171	197	182	211	214	183	200	151
185	167	171	141	163	192	175	198	186	225	215	188	205	153
187	168	173	142	180	196	185	199	191	226	217	189	210	181
191	169	177	143	204	203	187	200	206	227	236	195	229	188
201	170	190	147	217	209	216	206	207	228	240	203	230	189
207	175	209	150	219	229	220	220	212	232	243	205	239	204
208	186	219	152	221	237	239	232	213	236	249	216	250	217
221	192	233	181	231	243	240	238	214	244	251	222	266	225
222	195	246	183	245	259	261	247	215	250	253	223	267	226
223	197	274	184	258	266	262	250	233	253	258	231	268	227
230	198	275	223	260	267	273	274	244	258	259	234	269	228
234	199	276	237	271	268	277	275	247	260	263	246	270	238
246	200	279	252	274	269	291	276	252	262	284	251	278	245
252	201	292	266	275	272	302	285	261	281	297	277	287	253
271	263	294	267	276	282	308	289	270	292	298	278	293	272
277	282	295	268	287	283	311	290	273	297	299	280	295	280
281	283	303	269	302	286	312	294	279	298	300	289	310	306
288	284	304	293	306	290	318	305	285	299	301	296	314	316
296	286	307	309	308	291	321	314	302	300	304	307	319	318
303	315	311	310	315	307	322	317	305	301	322	321	320	319
309	323	312	316	318	315	323	325	322	303	324	324	321	320

expected score
1.0	0.518

2.0	0.526

3.0	0.538

4.0	0.643

5.0	0.501

6.0	0.522

7.0	0.53

8.0	0.511

9.0	0.536

10.0	0.567

11.0	0.53

12.0	0.564

13.0	0.61

14.0	0.567

Categorical variables
UNIT
S042049	1	0	0	1	0	0	0	0	0	0	0	0	0	1
S042222	0	0	3	0	3	0	0	0	0	0	0	0	0	0
S042228	0	3	0	0	0	0	0	0	0	0	0	0	3	0
S042300	2	0	0	2	0	0	0	0	0	0	0	0	0	0
S052015	0	0	3	3	0	0	0	0	0	0	0	0	0	0
S052043	0	0	0	0	0	0	0	0	0	3	0	0	0	3
S052085	0	0	0	0	0	2	2	0	0	2	0	0	0	0
S052092	0	0	0	4	0	0	0	0	0	0	0	0	4	0
S052095	0	0	0	0	0	2	0	0	0	0	0	0	2	0
S052112	2	0	0	0	0	0	0	0	0	0	0	0	0	2
S052243	0	0	0	3	0	0	0	0	0	0	0	0	0	3
S052263	0	0	0	0	0	0	0	2	0	0	2	0	0	2
S052289	0	0	0	3	0	0	0	0	0	0	0	0	3	0
S052303	0	2	0	0	0	0	0	0	0	0	0	2	0	0
S062010	0	0	3	3	0	0	0	0	0	0	0	0	0	0
S062018	0	0	0	0	0	0	2	0	0	0	0	0	2	0
S062022	0	0	0	0	1	0	0	1	0	0	0	0	0	0
S062024	0	2	2	0	0	0	0	0	0	0	0	0	0	0
S062042	0	0	0	4	0	0	0	0	0	0	0	0	0	4
S062091	0	2	0	0	0	0	0	2	0	0	0	0	0	0
S062101	0	0	0	0	4	0	0	4	0	0	0	0	0	0
S062116	0	3	3	0	0	0	0	0	3	0	0	0	0	0
S062189	0	0	0	0	0	0	0	0	0	0	0	2	0	2
S062243	0	4	0	0	0	0	0	4	0	0	0	0	4	0
S072000	0	0	0	0	0	0	0	0	4	0	4	0	0	0
S072033	0	0	0	0	0	0	0	0	0	4	0	0	0	4
S072143	0	0	0	0	0	0	0	0	0	0	0	0	0	0
S072232	0	0	0	4	0	4	0	0	0	0	0	0	4	0
S072260	0	0	3	0	3	0	0	3	0	0	0	0	0	0
S072265	0	3	0	0	0	3	0	0	0	0	0	0	0	0
S072345	0	0	0	0	0	0	0	0	0	5	5	0	0	0
S072403	0	0	2	0	0	0	2	0	0	0	0	0	0	0
S072900	0	0	0	0	0	0	0	0	0	0	0	0	2	2
S072905	0	1	0	0	0	0	1	0	0	0	0	0	0	0

Content_Domain
Biology	15	15	15	15	15	15	15	15	15	16	15	15	16	15
Chemistry	9	9	9	9	9	9	9	9	9	9	9	9	9	9
Physics	12	11	12	13	13	13	11	11	11	10	11	12	10	13
Earth_Science	9	10	9	8	8	8	10	10	10	10	10	9	10	8

Cognitive_Domain
Applying	15	16	15	15	16	16	15	15	15	16	16	16	15	15
Knowing	15	15	15	15	15	15	15	15	15	15	15	15	15	15
Reasoning	15	14	15	15	14	14	15	15	15	14	14	14	15	15

Item_Type
MC	30	30	30	30	30	30	30	30	30	30	30	30	30	30
CR	15	15	15	15	15	15	15	15	15	15	15	15	15	15

New_Cycle
0	11	14	9	14	11	7	11	6	8	14	10	7	13	11
1	29	29	35	29	32	38	31	37	34	29	31	34	31	33

Topic

Biology_Knowing
0	39	41	40	37	40	41	41	38	41	39	40	39	39	39
1	6	4	5	8	5	4	4	7	4	6	5	6	6	6

Biology_Applying
1	4	6	5	4	6	6	4	5	6	5	5	5	7	4
0	41	39	40	41	39	39	41	40	39	40	40	40	38	41

Biology_Reasoning
0	40	40	40	42	41	40	38	42	40	40	40	41	42	40
1	5	5	5	3	4	5	7	3	5	5	5	4	3	5

Chemistry_Knowing
0	42	42	42	42	42	42	42	42	42	42	42	42	42	42
1	3	3	3	3	3	3	3	3	3	3	3	3	3	3

Chemistry_Applying
0	42	42	42	42	42	42	42	42	42	42	42	42	42	42
1	3	3	3	3	3	3	3	3	3	3	3	3	3	3

Chemistry_Reasoning
0	42	42	42	42	42	42	42	42	42	42	42	42	42	42
1	3	3	3	3	3	3	3	3	3	3	3	3	3	3

Physics_Knowing
0	44	40	42	44	42	40	43	43	42	42	41	42	42	42
1	1	5	3	1	3	5	2	2	3	3	4	3	3	3

Physics_Applying
0	39	41	41	40	40	41	39	41	42	42	42	41	43	40
1	6	4	4	5	5	4	6	4	3	3	3	4	2	5

Physics_Reasoning
0	40	43	40	38	40	41	42	40	40	41	41	40	40	40
1	5	2	5	7	5	4	3	5	5	4	4	5	5	5

Earth_Knowing
0	40	42	41	42	41	42	39	42	40	42	42	42	42	42
1	5	3	4	3	4	3	6	3	5	3	3	3	3	3

Earth_Applying
0	43	42	42	42	43	42	43	42	42	40	40	41	42	42
1	2	3	3	3	2	3	2	3	3	5	5	4	3	3

Earth_Reasoning
0	43	41	43	43	43	43	43	41	43	43	43	43	41	43
1	2	4	2	2	2	2	2	4	2	2	2	2	4	2

Sum variables

Overlap matrix
	1	2	3	4	5	6	7	8	9	10	11	12	13	14
1	45	4	6	7	5	1	7	1	4	4	4	8	2	3
2	4	45	6	1	4	7	3	6	6	1	2	6	8	1
3	6	6	45	6	8	3	4	6	8	5	4	3	1	0
4	7	1	6	45	0	5	2	0	2	3	3	2	13	11
5	5	4	8	0	45	5	5	10	2	5	3	3	1	6
6	1	7	3	5	5	45	8	3	3	4	4	5	8	2
7	7	3	4	2	5	8	45	1	10	4	3	3	5	3
8	1	6	6	0	10	3	1	45	7	4	3	5	6	5
9	4	6	8	2	2	3	10	7	45	3	7	3	2	1
10	4	1	5	3	5	4	4	4	3	45	11	3	2	9
11	4	2	4	3	3	4	3	3	7	11	45	6	2	6
12	8	6	3	2	3	5	3	5	3	3	6	45	4	6
13	2	8	1	13	1	8	5	6	2	2	2	4	45	3
14	3	1	0	11	6	2	3	5	1	9	6	6	3	45

Item use
5	3.0
11	3.0
16	3.0
33	3.0
40	3.0
50	3.0
57	3.0
63	3.0
64	3.0
81	3.0
87	3.0
90	3.0
91	3.0
92	3.0
94	3.0
96	3.0
106	3.0
107	3.0
110	3.0
137	3.0
145	3.0
146	3.0
147	3.0
149	3.0
150	3.0
151	3.0
157	3.0
164	3.0
167	3.0
168	3.0
169	3.0
171	3.0
177	3.0
181	3.0
183	3.0
197	3.0
198	3.0
199	3.0
200	3.0
217	3.0
223	3.0
246	3.0
250	3.0
252	3.0
253	3.0
258	3.0
266	3.0
267	3.0
268	3.0
269	3.0
274	3.0
275	3.0
276	3.0
277	3.0
302	3.0
303	3.0
307	3.0
315	3.0
318	3.0
321	3.0
322	3.0
2	2.0
3	2.0
4	2.0
6	2.0
7	2.0
8	2.0
9	2.0
10	2.0
12	2.0
13	2.0
14	2.0
15	2.0
17	2.0
20	2.0
21	2.0
22	2.0
23	2.0
24	2.0
25	2.0
26	2.0
27	2.0
28	2.0
29	2.0
30	2.0
31	2.0
32	2.0
35	2.0
37	2.0
38	2.0
39	2.0
41	2.0
42	2.0
43	2.0
45	2.0
46	2.0
47	2.0
48	2.0
49	2.0
52	2.0
53	2.0
54	2.0
55	2.0
58	2.0
59	2.0
61	2.0
62	2.0
66	2.0
67	2.0
68	2.0
69	2.0
70	2.0
71	2.0
72	2.0
73	2.0
74	2.0
76	2.0
77	2.0
78	2.0
79	2.0
80	2.0
82	2.0
83	2.0
85	2.0
86	2.0
88	2.0
93	2.0
98	2.0
99	2.0
100	2.0
101	2.0
103	2.0
104	2.0
105	2.0
108	2.0
111	2.0
112	2.0
113	2.0
114	2.0
115	2.0
116	2.0
117	2.0
118	2.0
119	2.0
120	2.0
121	2.0
122	2.0
123	2.0
124	2.0
125	2.0
126	2.0
128	2.0
131	2.0
132	2.0
133	2.0
134	2.0
135	2.0
138	2.0
139	2.0
140	2.0
141	2.0
142	2.0
143	2.0
148	2.0
152	2.0
153	2.0
154	2.0
155	2.0
156	2.0
158	2.0
159	2.0
160	2.0
161	2.0
162	2.0
163	2.0
165	2.0
170	2.0
172	2.0
173	2.0
175	2.0
179	2.0
180	2.0
184	2.0
185	2.0
186	2.0
187	2.0
188	2.0
189	2.0
190	2.0
191	2.0
192	2.0
195	2.0
196	2.0
201	2.0
203	2.0
204	2.0
205	2.0
206	2.0
207	2.0
208	2.0
209	2.0
210	2.0
211	2.0
212	2.0
213	2.0
214	2.0
215	2.0
216	2.0
219	2.0
220	2.0
221	2.0
222	2.0
225	2.0
226	2.0
227	2.0
228	2.0
229	2.0
230	2.0
231	2.0
232	2.0
233	2.0
234	2.0
236	2.0
237	2.0
238	2.0
239	2.0
240	2.0
243	2.0
244	2.0
245	2.0
247	2.0
251	2.0
259	2.0
260	2.0
261	2.0
262	2.0
263	2.0
270	2.0
271	2.0
272	2.0
273	2.0
278	2.0
279	2.0
280	2.0
281	2.0
282	2.0
283	2.0
284	2.0
285	2.0
286	2.0
287	2.0
289	2.0
290	2.0
291	2.0
292	2.0
293	2.0
294	2.0
295	2.0
296	2.0
297	2.0
298	2.0
299	2.0
300	2.0
301	2.0
304	2.0
305	2.0
306	2.0
308	2.0
309	2.0
310	2.0
311	2.0
312	2.0
314	2.0
316	2.0
319	2.0
320	2.0
323	2.0
324	2.0
19	1.0
51	1.0
56	1.0
60	1.0
89	1.0
102	1.0
109	1.0
130	1.0
182	1.0
249	1.0
288	1.0
317	1.0
325	1.0
1	0.0
18	0.0
34	0.0
36	0.0
44	0.0
65	0.0
75	0.0
84	0.0
95	0.0
97	0.0
127	0.0
129	0.0
136	0.0
144	0.0
166	0.0
174	0.0
176	0.0
178	0.0
193	0.0
194	0.0
202	0.0
218	0.0
224	0.0
235	0.0
241	0.0
242	0.0
248	0.0
254	0.0
255	0.0
256	0.0
257	0.0
264	0.0
265	0.0
313	0.0
