Length
1	2	3	4	5	6	7	8	9	10	11	12	13	14
47	46	45	45	47	45	47	47	47	47	46	47	45	47

design
4	4	5	3	13	2	12	14	9	7	6	1	2	1
5	7	6	10	24	3	13	16	19	17	19	24	11	18
8	12	20	27	25	8	14	17	20	21	22	25	27	30
9	15	23	28	26	10	15	41	30	22	50	26	28	35
11	16	33	29	59	34	18	44	33	31	57	38	29	37
40	23	38	46	60	35	21	51	34	41	82	47	31	39
61	36	39	66	73	37	32	53	43	52	83	48	32	62
73	44	47	67	76	42	36	54	45	53	93	49	40	82
76	45	48	68	78	50	42	55	51	54	101	74	52	105
85	89	49	69	79	62	43	70	90	55	106	77	56	113
102	91	58	83	87	63	46	75	92	66	107	80	58	118
104	93	61	84	103	64	56	80	94	67	129	91	71	136
112	103	65	95	106	65	57	97	101	68	130	109	72	138
146	119	75	104	107	70	59	98	137	69	134	114	81	140
157	120	85	110	111	71	63	99	145	74	135	115	87	141
159	123	90	117	144	72	64	100	147	81	156	116	88	142
164	124	92	124	150	77	78	102	148	84	170	119	94	143
170	125	97	125	151	86	79	117	151	86	174	120	98	147
172	126	111	126	153	89	96	121	154	88	176	121	99	152
173	134	112	127	158	95	105	123	155	132	185	122	100	158
179	135	113	133	160	96	108	127	159	139	192	129	122	177
180	136	114	149	161	108	118	128	165	144	203	138	176	182
183	140	115	166	162	109	128	131	178	148	210	146	184	187
185	141	116	187	163	110	131	133	186	181	237	150	205	194
188	142	152	194	166	132	137	160	191	190	240	179	208	196
189	143	165	197	172	139	145	161	201	192	241	184	212	204
191	154	167	198	173	149	153	162	206	216	247	188	213	211
201	155	168	199	180	164	157	163	207	225	254	189	214	220
221	156	169	200	196	171	171	174	209	226	255	193	215	224
222	167	175	202	217	202	175	178	212	227	256	203	224	225
223	168	177	204	219	206	218	197	213	228	257	216	229	226
230	169	183	234	223	209	220	198	214	233	258	217	254	227
234	181	190	238	231	218	230	199	215	235	266	222	255	228
236	182	195	242	232	277	238	200	239	244	267	245	256	233
243	186	205	252	237	282	240	207	244	253	268	251	257	235
246	193	208	262	248	283	247	221	246	260	269	253	271	242
259	195	232	265	258	286	250	229	250	261	273	262	274	243
263	210	239	266	260	287	251	231	263	264	297	270	275	249
271	211	241	267	289	288	252	236	278	270	298	281	276	264
272	219	245	268	292	290	261	248	279	293	299	282	277	274
273	249	279	269	302	294	280	259	285	295	300	283	281	275
288	265	293	284	304	304	303	272	287	297	301	286	307	276
290	278	310	291	305	308	308	285	303	298	314	289	316	284
296	280	318	302	311	309	309	306	305	299	316	292	319	310
306	291	325	317	312	315	311	307	313	300	321	294	320	318
314	323	0	0	315	0	312	313	319	301	324	295	0	324
322	0	0	0	321	0	323	322	320	317	0	296	0	325

expected score
1.0	0.48

2.0	0.52

3.0	0.531

4.0	0.559

5.0	0.489

6.0	0.477

7.0	0.523

8.0	0.528

9.0	0.542

10.0	0.542

11.0	0.526

12.0	0.537

13.0	0.552

14.0	0.57

Categorical variables
UNIT
S042049	1	0	1	0	0	0	0	0	0	0	0	0	0	0
S042222	0	0	0	0	3	0	0	0	0	0	0	3	0	0
S042228	0	0	0	3	0	0	0	0	0	0	0	0	3	0
S042300	0	0	0	0	0	2	0	0	0	0	0	0	0	2
S052015	0	0	3	0	0	0	0	0	0	0	0	3	0	0
S052043	0	0	0	0	0	0	0	3	0	3	0	0	0	0
S052085	0	0	0	0	0	2	2	0	0	0	0	0	0	0
S052092	0	0	0	4	0	0	0	0	0	4	0	0	0	0
S052095	0	0	0	0	0	2	0	0	0	0	0	0	2	0
S052112	0	0	0	0	2	0	2	0	0	0	0	0	0	0
S052243	0	0	0	0	0	0	0	3	0	0	0	0	3	0
S052263	0	0	0	0	2	0	0	0	0	0	2	0	0	0
S052289	0	0	3	0	0	0	0	0	0	0	0	3	0	0
S052303	0	2	0	0	0	0	0	0	0	0	0	2	0	0
S062010	0	3	0	3	0	0	0	0	0	0	0	0	0	0
S062018	0	0	0	0	0	0	2	2	0	0	0	0	0	0
S062022	0	0	0	0	0	1	0	0	0	1	0	0	0	0
S062024	0	2	0	0	0	0	0	0	0	0	2	0	0	0
S062042	0	4	0	0	0	0	0	0	0	0	0	0	0	4
S062091	0	2	0	0	0	0	0	0	2	0	0	0	0	0
S062101	0	0	0	0	4	0	0	4	0	0	0	0	0	0
S062116	0	3	3	0	0	0	0	0	0	0	0	0	0	0
S062189	2	0	0	0	0	0	0	0	0	0	0	2	0	0
S062243	0	0	0	4	0	0	0	4	0	0	0	0	0	0
S072000	0	0	0	0	0	0	0	0	4	0	0	0	4	0
S072033	0	0	0	0	0	0	0	0	0	4	0	0	0	4
S072143	0	0	0	0	0	0	0	0	0	0	4	0	4	0
S072232	0	0	0	4	0	0	0	0	0	0	4	0	0	0
S072260	0	0	0	0	0	0	0	0	0	0	0	0	3	3
S072265	0	0	0	0	0	3	0	0	0	0	0	3	0	0
S072345	0	0	0	0	0	0	0	0	0	5	5	0	0	0
S072403	0	0	0	0	2	0	2	0	0	0	0	0	0	0
S072900	0	0	0	0	0	0	0	0	2	0	0	0	2	0
S072905	0	1	0	0	0	0	1	0	0	0	0	0	0	0

Content_Domain
Biology	18	16	10	12	25	21	16	13	14	13	13	11	14	19
Chemistry	8	8	14	13	7	3	13	11	11	9	13	9	12	8
Physics	12	15	10	12	6	15	10	12	15	11	10	13	15	14
Earth_Science	9	7	11	8	9	6	8	11	7	14	10	14	4	6

Cognitive_Domain
Applying	19	21	19	9	14	18	18	18	21	21	15	21	21	17
Knowing	16	15	13	21	21	15	17	18	13	23	16	18	4	22
Reasoning	12	10	13	15	12	12	12	11	13	3	15	8	20	8

Item_Type
MC	29	33	28	31	28	26	32	33	31	34	32	32	25	40
CR	18	13	17	14	19	19	15	14	16	13	14	15	20	7

New_Cycle
0	11	12	15	10	11	12	12	9	8	13	5	12	9	7
1	36	27	26	27	33	29	30	33	36	30	35	32	33	31

Topic

Biology_Knowing
0	41	43	42	37	37	39	40	41	44	38	43	45	44	37
1	6	3	3	8	10	6	7	6	3	9	3	2	1	10

Biology_Applying
1	6	9	3	3	8	8	5	6	10	4	6	6	11	9
0	41	37	42	42	39	37	42	41	37	43	40	41	34	38

Biology_Reasoning
0	41	42	41	44	40	38	43	46	46	47	42	44	43	47
1	6	4	4	1	7	7	4	1	1	0	4	3	2	0

Chemistry_Knowing
0	43	41	41	39	44	43	41	41	45	43	40	43	45	44
1	4	5	4	6	3	2	6	6	2	4	6	4	0	3

Chemistry_Applying
0	45	43	37	42	46	45	43	42	43	43	45	43	41	44
1	2	3	8	3	1	0	4	5	4	4	1	4	4	3

Chemistry_Reasoning
0	45	46	43	41	44	44	44	47	42	46	40	46	37	45
1	2	0	2	4	3	1	3	0	5	1	6	1	8	2

Physics_Knowing
0	46	43	44	41	44	40	46	44	42	43	42	39	43	43
1	1	3	1	4	3	5	1	3	5	4	4	8	2	4

Physics_Applying
0	39	39	40	42	44	39	41	42	43	41	45	44	39	42
1	8	7	5	3	3	6	6	5	4	6	1	3	6	5

Physics_Reasoning
0	44	41	41	40	47	41	44	43	41	46	41	45	38	42
1	3	5	4	5	0	4	3	4	6	1	5	2	7	5

Earth_Knowing
0	42	42	40	42	42	43	44	44	44	41	43	43	44	42
1	5	4	5	3	5	2	3	3	3	6	3	4	1	5

Earth_Applying
0	44	44	42	45	45	41	44	45	44	40	39	39	45	47
1	3	2	3	0	2	4	3	2	3	7	7	8	0	0

Earth_Reasoning
0	46	45	42	40	45	45	45	41	46	46	46	45	42	46
1	1	1	3	5	2	0	2	6	1	1	0	2	3	1

Sum variables

Overlap matrix
	1	2	3	4	5	6	7	8	9	10	11	12	13	14
1	47	1	5	2	6	4	2	7	6	0	4	6	3	1
2	1	46	5	5	2	1	5	3	5	2	5	4	0	8
3	5	5	45	0	2	1	1	2	7	2	2	8	3	7
4	2	5	0	45	2	6	3	7	0	6	5	1	3	5
5	6	2	2	2	47	2	7	6	2	2	5	7	1	2
6	4	1	1	6	2	45	9	1	4	3	1	6	4	3
7	2	5	1	3	7	9	47	3	5	2	3	1	2	4
8	7	3	2	7	6	1	3	47	5	5	1	2	5	0
9	6	5	7	0	2	4	5	5	47	2	2	0	7	2
10	0	2	2	6	2	3	2	5	2	47	7	5	4	7
11	4	5	2	5	5	1	3	1	2	7	46	2	6	2
12	6	4	8	1	7	6	1	2	0	5	2	47	3	2
13	3	0	3	3	1	4	2	5	7	4	6	3	45	4
14	1	8	7	5	2	3	4	0	2	7	2	2	4	47

Item use
1	2.0
2	2.0
3	2.0
4	2.0
5	2.0
6	2.0
7	2.0
8	2.0
9	2.0
10	2.0
11	2.0
12	2.0
13	2.0
14	2.0
15	2.0
16	2.0
17	2.0
18	2.0
19	2.0
20	2.0
21	2.0
22	2.0
23	2.0
24	2.0
25	2.0
26	2.0
27	2.0
28	2.0
29	2.0
30	2.0
31	2.0
32	2.0
33	2.0
34	2.0
35	2.0
36	2.0
37	2.0
38	2.0
39	2.0
40	2.0
41	2.0
42	2.0
43	2.0
44	2.0
45	2.0
46	2.0
47	2.0
48	2.0
49	2.0
50	2.0
51	2.0
52	2.0
53	2.0
54	2.0
55	2.0
56	2.0
57	2.0
58	2.0
59	2.0
61	2.0
62	2.0
63	2.0
64	2.0
65	2.0
66	2.0
67	2.0
68	2.0
69	2.0
70	2.0
71	2.0
72	2.0
73	2.0
74	2.0
75	2.0
76	2.0
77	2.0
78	2.0
79	2.0
80	2.0
81	2.0
82	2.0
83	2.0
84	2.0
85	2.0
86	2.0
87	2.0
88	2.0
89	2.0
90	2.0
91	2.0
92	2.0
93	2.0
94	2.0
95	2.0
96	2.0
97	2.0
98	2.0
99	2.0
100	2.0
101	2.0
102	2.0
103	2.0
104	2.0
105	2.0
106	2.0
107	2.0
108	2.0
109	2.0
110	2.0
111	2.0
112	2.0
113	2.0
114	2.0
115	2.0
116	2.0
117	2.0
118	2.0
119	2.0
120	2.0
121	2.0
122	2.0
123	2.0
124	2.0
125	2.0
126	2.0
127	2.0
128	2.0
129	2.0
131	2.0
132	2.0
133	2.0
134	2.0
135	2.0
136	2.0
137	2.0
138	2.0
139	2.0
140	2.0
141	2.0
142	2.0
143	2.0
144	2.0
145	2.0
146	2.0
147	2.0
148	2.0
149	2.0
150	2.0
151	2.0
152	2.0
153	2.0
154	2.0
155	2.0
156	2.0
157	2.0
158	2.0
159	2.0
160	2.0
161	2.0
162	2.0
163	2.0
164	2.0
165	2.0
166	2.0
167	2.0
168	2.0
169	2.0
170	2.0
171	2.0
172	2.0
173	2.0
174	2.0
175	2.0
176	2.0
177	2.0
178	2.0
179	2.0
180	2.0
181	2.0
182	2.0
183	2.0
184	2.0
185	2.0
186	2.0
187	2.0
188	2.0
189	2.0
190	2.0
191	2.0
192	2.0
193	2.0
194	2.0
195	2.0
196	2.0
197	2.0
198	2.0
199	2.0
200	2.0
201	2.0
202	2.0
203	2.0
204	2.0
205	2.0
206	2.0
207	2.0
208	2.0
209	2.0
210	2.0
211	2.0
212	2.0
213	2.0
214	2.0
215	2.0
216	2.0
217	2.0
218	2.0
219	2.0
220	2.0
221	2.0
222	2.0
223	2.0
224	2.0
225	2.0
226	2.0
227	2.0
228	2.0
229	2.0
230	2.0
231	2.0
232	2.0
233	2.0
234	2.0
235	2.0
236	2.0
237	2.0
238	2.0
239	2.0
240	2.0
241	2.0
242	2.0
243	2.0
244	2.0
245	2.0
246	2.0
247	2.0
248	2.0
249	2.0
250	2.0
251	2.0
252	2.0
253	2.0
254	2.0
255	2.0
256	2.0
257	2.0
258	2.0
259	2.0
260	2.0
261	2.0
262	2.0
263	2.0
264	2.0
265	2.0
266	2.0
267	2.0
268	2.0
269	2.0
270	2.0
271	2.0
272	2.0
273	2.0
274	2.0
275	2.0
276	2.0
277	2.0
278	2.0
279	2.0
280	2.0
281	2.0
282	2.0
283	2.0
284	2.0
285	2.0
286	2.0
287	2.0
288	2.0
289	2.0
290	2.0
291	2.0
292	2.0
293	2.0
294	2.0
295	2.0
296	2.0
297	2.0
298	2.0
299	2.0
300	2.0
301	2.0
302	2.0
303	2.0
304	2.0
305	2.0
306	2.0
307	2.0
308	2.0
309	2.0
310	2.0
311	2.0
312	2.0
313	2.0
314	2.0
315	2.0
316	2.0
317	2.0
318	2.0
319	2.0
320	2.0
321	2.0
322	2.0
323	2.0
324	2.0
325	2.0
60	1.0
130	1.0
