Length
1	2	3	4	5	6	7	8	9	10	11	12	13	14
45	45	45	45	45	45	45	45	45	45	45	45	45	45

design
5	3	5	4	3	10	15	6	10	5	2	6	2	4
22	9	7	27	16	13	23	7	38	9	8	20	27	8
35	12	21	28	31	14	32	13	40	35	12	24	28	20
37	15	24	29	33	19	39	14	42	37	17	25	29	57
40	16	25	46	50	33	42	16	47	81	22	26	32	76
53	17	26	50	52	40	43	31	48	92	59	30	34	77
54	23	30	62	58	50	45	41	49	101	81	33	41	82
55	74	39	66	73	52	57	90	70	112	91	38	46	94
59	78	43	67	87	53	58	102	80	132	106	60	63	98
61	79	45	68	93	54	63	104	83	150	107	78	64	99
66	86	47	69	122	55	64	106	92	164	110	79	74	100
67	91	48	71	129	57	83	107	94	175	111	82	104	105
68	93	49	72	134	62	84	113	122	181	138	87	110	106
69	98	61	101	135	63	86	114	128	184	150	88	118	107
73	99	80	114	137	64	96	115	131	190	154	91	132	111
85	100	85	115	139	70	103	116	137	208	155	96	133	112
88	102	90	116	146	71	105	117	138	210	156	110	134	113
89	103	92	123	152	72	108	121	152	225	170	118	135	117
90	108	139	124	157	76	137	123	158	226	179	119	145	140
94	124	147	125	160	77	145	151	167	227	184	120	147	141
96	125	153	126	161	81	149	160	168	228	211	121	158	142
119	126	156	133	162	87	157	161	169	231	236	145	165	143
120	129	167	140	163	89	159	162	171	244	237	148	176	146
146	149	168	141	172	128	171	163	181	250	240	164	177	147
151	152	169	142	180	131	175	170	185	253	243	179	196	148
157	153	171	143	203	149	180	197	186	258	245	181	197	188
164	154	173	150	207	172	195	198	192	260	246	183	198	189
173	155	183	151	208	203	206	199	209	262	258	188	199	204
177	159	191	190	210	204	220	200	212	271	262	189	200	207
183	165	192	196	211	221	232	230	213	274	263	205	201	220
185	167	209	197	217	224	238	232	214	275	266	216	205	223
191	168	219	198	229	261	240	239	215	276	267	217	212	224
201	169	233	199	231	266	244	250	233	279	268	222	213	225
221	178	247	200	258	267	251	261	238	285	269	234	214	226
223	186	253	230	260	268	252	264	247	290	271	236	215	227
245	195	259	234	273	269	273	274	250	295	293	246	216	228
246	217	272	237	277	285	280	275	252	297	297	249	229	243
263	219	274	266	281	290	295	276	270	298	298	251	239	252
270	222	275	267	289	305	302	277	278	299	299	253	259	279
282	223	276	268	294	307	303	278	303	300	300	282	264	284
283	272	277	269	302	309	308	291	304	301	301	283	273	306
286	291	289	280	308	311	311	292	305	309	304	286	284	307
294	293	292	281	314	312	312	314	307	310	321	296	287	318
296	303	310	287	315	315	316	319	323	321	323	306	319	321
302	315	318	322	318	316	322	320	324	325	325	324	320	322

expected score
1.0	0.515

2.0	0.481

3.0	0.523

4.0	0.674

5.0	0.507

6.0	0.564

7.0	0.499

8.0	0.536

9.0	0.514

10.0	0.592

11.0	0.586

12.0	0.547

13.0	0.56

14.0	0.556

Categorical variables
UNIT
S042049	1	0	1	0	0	0	0	0	0	1	0	0	0	0
S042222	0	0	3	0	0	0	0	0	0	0	0	3	0	0
S042228	0	0	0	3	0	0	0	0	0	0	0	0	3	0
S042300	2	0	0	0	0	0	0	0	0	2	0	0	0	0
S052015	0	0	3	0	0	0	0	0	3	0	0	0	0	0
S052043	3	0	0	0	0	3	0	0	0	0	0	0	0	0
S052085	0	0	0	0	0	2	2	0	0	0	0	0	2	0
S052092	4	0	0	4	0	0	0	0	0	0	0	0	0	0
S052095	0	0	0	2	0	2	0	0	0	0	0	0	0	0
S052112	0	2	0	0	0	0	0	0	0	0	0	2	0	0
S052243	0	3	0	0	0	0	0	0	0	0	0	0	0	3
S052263	0	0	0	0	0	0	0	2	0	0	2	0	0	2
S052289	0	0	0	3	0	0	0	3	0	0	0	0	0	0
S052303	2	0	0	0	0	0	0	0	0	0	0	2	0	0
S062010	0	3	0	3	0	0	0	0	0	0	0	0	0	0
S062018	0	0	0	0	0	2	0	0	2	0	0	0	0	0
S062022	0	0	0	0	0	0	0	0	0	1	0	0	1	0
S062024	0	0	0	0	2	0	0	0	0	0	0	0	2	0
S062042	0	0	0	4	0	0	0	0	0	0	0	0	0	4
S062091	0	2	0	0	0	0	0	0	0	0	2	0	0	0
S062101	0	0	0	0	4	0	0	4	0	0	0	0	0	0
S062116	0	3	3	0	0	0	0	0	3	0	0	0	0	0
S062189	0	0	0	0	0	0	0	0	0	0	0	2	0	2
S062243	0	0	0	4	0	0	0	4	0	0	0	0	4	0
S072000	0	0	0	0	0	0	0	0	4	0	0	0	4	0
S072033	0	0	0	0	0	0	0	0	0	4	0	0	0	4
S072143	0	0	0	0	0	0	0	0	0	0	0	0	0	0
S072232	0	0	0	4	0	4	0	0	0	0	4	0	0	0
S072260	0	0	3	0	0	0	0	3	0	3	0	0	0	0
S072265	3	0	0	0	0	0	0	0	0	0	0	3	0	0
S072345	0	0	0	0	0	0	0	0	0	5	5	0	0	0
S072403	0	0	0	0	0	2	2	0	0	0	0	0	0	0
S072900	0	0	0	0	0	0	0	2	0	0	0	0	2	0
S072905	0	0	0	0	0	0	0	0	1	0	1	0	0	0

Content_Domain
Biology	15	16	16	15	15	15	15	15	16	15	15	15	15	15
Chemistry	9	9	9	9	9	9	9	9	9	9	9	9	9	9
Physics	13	12	12	11	13	13	12	11	11	11	11	12	11	13
Earth_Science	8	8	8	10	8	8	9	10	9	10	10	9	10	8

Cognitive_Domain
Applying	15	16	15	16	15	15	16	15	15	16	16	16	15	16
Knowing	15	15	15	15	15	15	15	15	16	15	15	15	15	15
Reasoning	15	14	15	14	15	15	14	15	14	14	14	14	15	14

Item_Type
MC	30	30	30	30	30	30	31	30	30	30	30	30	30	30
CR	15	15	15	15	15	15	14	15	15	15	15	15	15	15

New_Cycle
0	20	10	12	12	6	11	9	12	5	7	10	13	8	9
1	25	34	31	29	35	32	34	30	39	35	34	28	33	34

Topic

Biology_Knowing
0	40	41	39	39	39	40	40	39	39	39	40	40	41	39
1	5	4	6	6	6	5	5	6	6	6	5	5	4	6

Biology_Applying
1	4	6	5	6	5	5	5	6	5	5	5	6	7	4
0	41	39	40	39	40	40	40	39	40	40	40	39	38	41

Biology_Reasoning
0	39	39	40	42	41	40	40	42	40	41	40	41	41	40
1	6	6	5	3	4	5	5	3	5	4	5	4	4	5

Chemistry_Knowing
0	42	41	42	42	42	42	42	42	42	42	41	42	42	42
1	3	4	3	3	3	3	3	3	3	3	4	3	3	3

Chemistry_Applying
0	42	42	42	42	42	42	42	42	42	42	42	42	42	42
1	3	3	3	3	3	3	3	3	3	3	3	3	3	3

Chemistry_Reasoning
0	42	43	42	42	42	42	42	42	42	42	43	42	42	42
1	3	2	3	3	3	3	3	3	3	3	2	3	3	3

Physics_Knowing
0	42	41	42	42	42	42	42	42	42	42	42	42	41	42
1	3	4	3	3	3	3	3	3	3	3	3	3	4	3

Physics_Applying
0	39	41	41	41	41	40	40	42	41	42	42	41	42	39
1	6	4	4	4	4	5	5	3	4	3	3	4	3	6

Physics_Reasoning
0	41	41	40	41	39	40	41	40	41	40	40	40	41	41
1	4	4	5	4	6	5	4	5	4	5	5	5	4	4

Earth_Knowing
0	41	42	42	42	42	41	41	42	41	42	42	41	41	42
1	4	3	3	3	3	4	4	3	4	3	3	4	4	3

Earth_Applying
0	43	42	42	42	42	43	42	42	42	40	40	42	43	42
1	2	3	3	3	3	2	3	3	3	5	5	3	2	3

Earth_Reasoning
0	43	43	43	41	43	43	43	41	43	43	43	43	41	43
1	2	2	2	4	2	2	2	4	2	2	2	2	4	2

Sum variables

Overlap matrix
	1	2	3	4	5	6	7	8	9	10	11	12	13	14
1	45	1	7	5	5	6	3	2	4	4	5	11	2	3
2	1	45	6	3	7	2	9	3	6	1	6	5	2	4
3	7	6	45	0	4	0	4	7	13	7	1	6	2	2
4	5	3	0	45	2	8	2	10	0	3	6	1	11	6
5	5	7	4	2	45	7	7	8	3	5	2	3	4	3
6	6	2	0	8	7	45	7	3	7	4	5	2	2	6
7	3	9	4	2	7	7	45	1	7	3	1	3	5	5
8	2	3	7	10	8	3	1	45	2	4	3	2	10	4
9	4	6	13	0	3	7	7	2	45	3	3	3	5	3
10	4	1	7	3	5	4	3	4	3	45	13	3	1	7
11	5	6	1	6	2	5	1	3	3	13	45	5	2	6
12	11	5	6	1	3	2	3	2	3	3	5	45	5	6
13	2	2	2	11	4	2	5	10	5	1	2	5	45	2
14	3	4	2	6	3	6	5	4	3	7	6	6	2	45

Item use
5	3.0
16	3.0
33	3.0
40	3.0
50	3.0
57	3.0
63	3.0
64	3.0
81	3.0
87	3.0
90	3.0
91	3.0
92	3.0
94	3.0
96	3.0
106	3.0
107	3.0
110	3.0
137	3.0
145	3.0
146	3.0
147	3.0
149	3.0
150	3.0
151	3.0
152	3.0
157	3.0
164	3.0
167	3.0
168	3.0
169	3.0
171	3.0
181	3.0
183	3.0
197	3.0
198	3.0
199	3.0
200	3.0
217	3.0
223	3.0
246	3.0
250	3.0
252	3.0
253	3.0
258	3.0
266	3.0
267	3.0
268	3.0
269	3.0
273	3.0
274	3.0
275	3.0
276	3.0
277	3.0
302	3.0
303	3.0
307	3.0
315	3.0
318	3.0
321	3.0
322	3.0
2	2.0
3	2.0
4	2.0
6	2.0
7	2.0
8	2.0
9	2.0
10	2.0
12	2.0
13	2.0
14	2.0
15	2.0
17	2.0
20	2.0
22	2.0
23	2.0
24	2.0
25	2.0
26	2.0
27	2.0
28	2.0
29	2.0
30	2.0
31	2.0
32	2.0
35	2.0
37	2.0
38	2.0
39	2.0
41	2.0
42	2.0
43	2.0
45	2.0
46	2.0
47	2.0
48	2.0
49	2.0
52	2.0
53	2.0
54	2.0
55	2.0
58	2.0
59	2.0
61	2.0
62	2.0
66	2.0
67	2.0
68	2.0
69	2.0
70	2.0
71	2.0
72	2.0
73	2.0
74	2.0
76	2.0
77	2.0
78	2.0
79	2.0
80	2.0
82	2.0
83	2.0
85	2.0
86	2.0
88	2.0
89	2.0
93	2.0
98	2.0
99	2.0
100	2.0
101	2.0
102	2.0
103	2.0
104	2.0
105	2.0
108	2.0
111	2.0
112	2.0
113	2.0
114	2.0
115	2.0
116	2.0
117	2.0
118	2.0
119	2.0
120	2.0
121	2.0
122	2.0
123	2.0
124	2.0
125	2.0
126	2.0
128	2.0
129	2.0
131	2.0
132	2.0
133	2.0
134	2.0
135	2.0
138	2.0
139	2.0
140	2.0
141	2.0
142	2.0
143	2.0
148	2.0
153	2.0
154	2.0
155	2.0
156	2.0
158	2.0
159	2.0
160	2.0
161	2.0
162	2.0
163	2.0
165	2.0
170	2.0
172	2.0
173	2.0
175	2.0
177	2.0
179	2.0
180	2.0
184	2.0
185	2.0
186	2.0
188	2.0
189	2.0
190	2.0
191	2.0
192	2.0
195	2.0
196	2.0
201	2.0
203	2.0
204	2.0
205	2.0
207	2.0
208	2.0
209	2.0
210	2.0
211	2.0
212	2.0
213	2.0
214	2.0
215	2.0
216	2.0
219	2.0
220	2.0
221	2.0
222	2.0
224	2.0
225	2.0
226	2.0
227	2.0
228	2.0
229	2.0
230	2.0
231	2.0
232	2.0
233	2.0
234	2.0
236	2.0
237	2.0
238	2.0
239	2.0
240	2.0
243	2.0
244	2.0
245	2.0
247	2.0
251	2.0
259	2.0
260	2.0
261	2.0
262	2.0
263	2.0
264	2.0
270	2.0
271	2.0
272	2.0
278	2.0
279	2.0
280	2.0
281	2.0
282	2.0
283	2.0
284	2.0
285	2.0
286	2.0
287	2.0
289	2.0
290	2.0
291	2.0
292	2.0
293	2.0
294	2.0
295	2.0
296	2.0
297	2.0
298	2.0
299	2.0
300	2.0
301	2.0
304	2.0
305	2.0
306	2.0
308	2.0
309	2.0
310	2.0
311	2.0
312	2.0
314	2.0
316	2.0
319	2.0
320	2.0
323	2.0
324	2.0
325	2.0
19	1.0
21	1.0
34	1.0
60	1.0
84	1.0
176	1.0
178	1.0
206	1.0
249	1.0
1	0.0
11	0.0
18	0.0
36	0.0
44	0.0
51	0.0
56	0.0
65	0.0
75	0.0
95	0.0
97	0.0
109	0.0
127	0.0
130	0.0
136	0.0
144	0.0
166	0.0
174	0.0
182	0.0
187	0.0
193	0.0
194	0.0
202	0.0
218	0.0
235	0.0
241	0.0
242	0.0
248	0.0
254	0.0
255	0.0
256	0.0
257	0.0
265	0.0
288	0.0
313	0.0
317	0.0
