Length
1	2	3	4	5	6	7	8	9	10	11	12	13	14
35	35	35	35	30	35	35	35	35	35	35	35	35	35

design
1	7	11	13	2	2	14	6	4	1	5	3	13	3
4	9	19	24	8	6	18	16	5	23	19	27	20	9
7	10	30	26	23	17	21	45	8	27	21	36	25	11
17	32	31	43	28	28	41	60	10	37	53	43	32	18
26	33	36	44	29	29	57	72	14	38	58	49	33	20
52	34	38	46	41	30	58	75	16	44	65	50	34	54
64	35	39	49	61	31	67	84	24	57	81	55	35	59
91	42	40	50	76	42	69	85	25	64	82	73	51	68
92	47	45	51	81	61	70	86	39	66	83	76	65	69
99	48	46	98	82	75	78	125	47	68	93	78	70	90
100	54	60	109	83	89	79	127	48	71	95	79	73	96
101	66	77	110	96	93	80	140	52	121	102	80	77	97
120	67	92	122	97	104	87	141	55	125	107	87	88	99
132	72	94	124	137	108	108	144	84	128	109	91	98	100
133	90	117	129	157	111	112	158	85	129	115	112	110	101
139	103	143	142	178	114	113	184	86	152	126	114	119	102
152	104	147	149	184	124	116	185	103	154	134	142	130	107
154	131	148	150	185	130	122	192	111	158	140	146	132	117
175	149	155	171	192	137	131	193	128	160	150	147	133	119
176	156	167	174	193	146	145	194	139	169	162	148	134	120
177	162	186	181	194	153	156	198	144	171	163	153	143	121
180	163	197	183	198	165	188	199	166	196	164	155	167	127
181	164	211	190	199	166	191	200	169	206	212	160	183	141
190	165	220	197	201	170	201	215	200	207	214	168	188	145
191	168	223	204	206	178	208	216	209	208	215	170	205	157
234	172	226	210	207	182	209	219	221	210	228	174	218	175
235	195	227	213	212	187	214	225	222	217	232	182	219	176
236	196	228	224	230	195	229	230	226	218	233	189	220	177
237	202	233	241	241	203	231	235	227	238	234	202	223	180
255	217	249	242	243	213	239	236	242	239	244	203	245	189
256	222	254	245	0	231	240	237	246	240	250	211	255	205
258	229	263	259	0	243	257	246	247	247	252	221	262	238
260	248	267	260	0	259	258	256	252	248	253	232	264	249
261	254	270	261	0	262	265	265	253	263	271	250	267	271
266	269	273	266	0	274	269	273	257	270	274	264	275	275

expected score
1.0	0.373

2.0	0.382

3.0	0.41

4.0	0.341

5.0	0.369

6.0	0.379

7.0	0.384

8.0	0.413

9.0	0.425

10.0	0.374

11.0	0.391

12.0	0.372

13.0	0.379

14.0	0.388

Categorical variables
UNIT
S032651	0	0	2	0	0	2	0	0	0	0	0	0	0	0
S032665	0	3	0	0	0	0	0	0	0	0	0	0	3	0
S042049	0	2	0	0	0	0	0	0	2	0	0	0	0	0
S042051	0	0	0	2	0	0	0	0	0	0	0	2	0	0
S042222	0	0	0	0	0	0	3	0	0	0	0	3	0	0
S042228	0	0	0	0	3	0	0	0	0	0	3	0	0	0
S042238	0	0	0	0	0	0	0	3	3	0	0	0	0	0
S042293	0	0	0	0	2	0	0	0	0	0	0	0	0	2
S042300	3	0	0	0	0	0	0	0	0	0	0	0	0	3
S052085	2	0	0	0	0	0	0	0	0	0	0	0	2	0
S052090	0	0	0	0	0	0	0	0	0	0	0	0	0	0
S052112	0	0	2	0	0	0	0	0	0	0	0	2	0	0
S052165	0	3	0	0	0	0	0	0	0	0	3	0	0	0
S052243	3	0	0	0	0	0	0	0	0	0	0	0	0	3
S052263	0	0	0	0	2	0	0	2	0	0	0	0	0	0
S052289	0	0	0	0	3	0	0	3	0	0	0	0	0	0
S052303	0	0	0	0	2	0	0	2	0	0	0	0	0	0
S062024	0	0	0	0	2	0	0	0	0	2	0	0	0	0
S062091	0	0	2	0	0	0	0	0	2	0	0	0	0	0
S062103	0	0	0	0	0	0	0	0	0	0	1	1	0	0
S062116	3	0	0	0	0	0	0	3	0	0	0	0	0	0
S062173	0	0	0	0	0	0	0	0	2	0	2	0	0	0
S062211	2	0	0	2	0	0	0	0	0	0	0	0	0	0

Content_Domain
Biology	13	10	12	11	11	12	10	12	11	10	10	12	13	10
Physics	8	11	8	10	6	9	12	9	10	11	11	9	8	11
Chemistry	7	7	7	7	6	7	6	7	7	7	7	7	7	7
Earth_Science	7	7	8	7	7	7	7	7	7	7	7	7	7	7

Cognitive_Domain
Knowing	9	15	13	13	8	16	12	12	10	12	13	13	9	12
Applying	15	6	13	15	13	14	16	12	13	14	12	17	13	11
Reasoning	11	14	9	7	9	5	7	11	12	9	10	5	13	12

Item_Type
CR	18	15	14	16	16	15	16	18	16	16	21	17	15	19
MC	17	20	21	19	14	20	19	17	19	19	14	18	20	16

Topic
2	13	8	14	14	12	20	13	17	13	16	12	16	11	14
1	13	13	17	10	15	10	15	7	11	12	17	13	13	17
3	7	9	3	11	2	5	6	7	8	3	6	5	4	3
4	2	2	1	0	1	0	1	4	3	4	0	1	4	1
5	0	3	0	0	0	0	0	0	0	0	0	0	3	0

Biology_Knowing
1	2	2	7	4	3	6	1	3	3	2	5	4	2	3
0	33	33	28	31	27	29	34	32	32	33	30	31	33	32

Biology_Applying
0	30	34	31	28	26	31	29	33	31	28	32	29	30	31
1	5	1	4	7	4	4	6	2	4	7	3	6	5	4

Biology_Reasoning
0	29	28	34	35	26	33	32	28	31	34	33	33	29	32
1	6	7	1	0	4	2	3	7	4	1	2	2	6	3

Chemistry_Knowing
0	32	31	32	30	30	32	32	31	33	34	35	32	33	33
1	3	4	3	5	0	3	3	4	2	1	0	3	2	2

Chemistry_Applying
0	33	35	33	34	28	33	32	33	33	32	30	31	32	33
1	2	0	2	1	2	2	3	2	2	3	5	4	3	2

Chemistry_Reasoning
0	33	32	33	34	26	33	35	34	32	32	33	35	33	32
1	2	3	2	1	4	2	0	1	3	3	2	0	2	3

Physics_Knowing
0	33	30	34	33	28	31	32	32	32	31	31	32	35	33
1	2	5	1	2	2	4	3	3	3	4	4	3	0	2

Physics_Applying
0	31	31	30	31	27	30	30	32	32	32	32	31	30	31
1	4	4	5	4	3	5	5	3	3	3	3	4	5	4

Physics_Reasoning
0	33	33	33	31	29	35	31	32	31	31	31	33	32	30
1	2	2	2	4	1	0	4	3	4	4	4	2	3	5

Earth_Knowing
0	33	31	33	33	27	32	30	33	33	30	31	32	30	30
1	2	4	2	2	3	3	5	2	2	5	4	3	5	5

Earth_Applying
0	31	34	33	32	26	32	33	30	31	34	34	32	35	34
1	4	1	2	3	4	3	2	5	4	1	1	3	0	1

Earth_Reasoning
0	34	33	31	33	30	34	35	35	34	34	33	34	33	34
1	1	2	4	2	0	1	0	0	1	1	2	1	2	1

Sum variables

Overlap matrix
	1	2	3	4	5	6	7	8	9	10	11	12	13	14
1	35	1	1	6	0	1	2	4	3	4	1	1	3	8
2	1	35	1	1	0	4	5	1	5	4	3	2	4	3
3	1	1	35	2	0	2	0	3	3	3	3	5	6	3
4	6	1	2	35	1	3	1	0	2	4	2	5	6	0
5	0	0	0	1	30	7	2	8	1	3	4	1	0	3
6	1	4	2	3	7	35	2	2	2	0	2	6	2	0
7	2	5	0	1	2	2	35	1	3	4	3	5	2	3
8	4	1	3	0	8	2	1	35	7	2	2	0	1	2
9	3	5	3	2	1	2	3	7	35	3	3	2	1	0
10	4	4	3	4	3	0	4	2	3	35	0	2	1	3
11	1	3	3	2	4	2	3	2	3	0	35	2	2	3
12	1	2	5	5	1	6	5	0	2	2	2	35	2	2
13	3	4	6	6	0	2	2	1	1	1	2	2	35	4
14	8	3	3	0	3	0	3	2	0	3	3	2	4	35

Item use
1	2.0
2	2.0
3	2.0
4	2.0
5	2.0
6	2.0
7	2.0
8	2.0
9	2.0
10	2.0
11	2.0
13	2.0
14	2.0
16	2.0
17	2.0
18	2.0
19	2.0
20	2.0
21	2.0
23	2.0
24	2.0
25	2.0
26	2.0
27	2.0
28	2.0
29	2.0
30	2.0
31	2.0
32	2.0
33	2.0
34	2.0
35	2.0
36	2.0
38	2.0
39	2.0
41	2.0
42	2.0
43	2.0
44	2.0
45	2.0
46	2.0
47	2.0
48	2.0
49	2.0
50	2.0
51	2.0
52	2.0
54	2.0
55	2.0
57	2.0
58	2.0
60	2.0
61	2.0
64	2.0
65	2.0
66	2.0
67	2.0
68	2.0
69	2.0
70	2.0
72	2.0
73	2.0
75	2.0
76	2.0
77	2.0
78	2.0
79	2.0
80	2.0
81	2.0
82	2.0
83	2.0
84	2.0
85	2.0
86	2.0
87	2.0
90	2.0
91	2.0
92	2.0
93	2.0
96	2.0
97	2.0
98	2.0
99	2.0
100	2.0
101	2.0
102	2.0
103	2.0
104	2.0
107	2.0
108	2.0
109	2.0
110	2.0
111	2.0
112	2.0
114	2.0
117	2.0
119	2.0
120	2.0
121	2.0
122	2.0
124	2.0
125	2.0
127	2.0
128	2.0
129	2.0
130	2.0
131	2.0
132	2.0
133	2.0
134	2.0
137	2.0
139	2.0
140	2.0
141	2.0
142	2.0
143	2.0
144	2.0
145	2.0
146	2.0
147	2.0
148	2.0
149	2.0
150	2.0
152	2.0
153	2.0
154	2.0
155	2.0
156	2.0
157	2.0
158	2.0
160	2.0
162	2.0
163	2.0
164	2.0
165	2.0
166	2.0
167	2.0
168	2.0
169	2.0
170	2.0
171	2.0
174	2.0
175	2.0
176	2.0
177	2.0
178	2.0
180	2.0
181	2.0
182	2.0
183	2.0
184	2.0
185	2.0
188	2.0
189	2.0
190	2.0
191	2.0
192	2.0
193	2.0
194	2.0
195	2.0
196	2.0
197	2.0
198	2.0
199	2.0
200	2.0
201	2.0
202	2.0
203	2.0
205	2.0
206	2.0
207	2.0
208	2.0
209	2.0
210	2.0
211	2.0
212	2.0
213	2.0
214	2.0
215	2.0
217	2.0
218	2.0
219	2.0
220	2.0
221	2.0
222	2.0
223	2.0
226	2.0
227	2.0
228	2.0
229	2.0
230	2.0
231	2.0
232	2.0
233	2.0
234	2.0
235	2.0
236	2.0
237	2.0
238	2.0
239	2.0
240	2.0
241	2.0
242	2.0
243	2.0
245	2.0
246	2.0
247	2.0
248	2.0
249	2.0
250	2.0
252	2.0
253	2.0
254	2.0
255	2.0
256	2.0
257	2.0
258	2.0
259	2.0
260	2.0
261	2.0
262	2.0
263	2.0
264	2.0
265	2.0
266	2.0
267	2.0
269	2.0
270	2.0
271	2.0
273	2.0
274	2.0
275	2.0
37	1.0
40	1.0
53	1.0
59	1.0
71	1.0
88	1.0
89	1.0
94	1.0
95	1.0
113	1.0
115	1.0
116	1.0
126	1.0
172	1.0
186	1.0
187	1.0
204	1.0
216	1.0
224	1.0
225	1.0
244	1.0
12	0.0
15	0.0
22	0.0
56	0.0
62	0.0
63	0.0
74	0.0
105	0.0
106	0.0
118	0.0
123	0.0
135	0.0
136	0.0
138	0.0
151	0.0
159	0.0
161	0.0
173	0.0
179	0.0
251	0.0
268	0.0
272	0.0
276	0.0
