Length
1	2	3	4	5	6	7	8	9	10	11	12	13	14
45	45	45	45	45	45	45	45	45	45	45	45	45	45

design
6	9	3	4	24	20	8	7	10	5	3	2	2	6
8	10	7	9	25	35	11	11	13	31	4	5	38	11
12	15	24	27	26	37	14	12	16	38	5	42	39	17
15	16	25	28	31	50	16	14	22	41	13	43	42	30
22	19	26	29	40	52	23	20	32	53	17	62	50	52
27	23	30	106	61	57	32	40	33	54	47	87	57	57
28	33	47	107	74	63	45	41	39	55	48	91	58	58
29	46	48	108	81	64	46	50	45	61	49	96	59	77
33	63	49	134	82	71	78	62	53	91	70	98	71	78
35	64	63	135	110	72	79	70	54	112	73	99	72	79
37	76	64	140	123	86	87	77	55	137	82	100	81	90
40	85	73	141	148	88	94	90	66	149	98	103	87	92
43	91	76	142	157	89	96	105	67	150	99	110	96	124
59	93	80	143	175	92	102	113	68	151	100	114	109	125
66	101	81	147	177	104	103	121	69	170	106	115	110	126
67	102	83	153	181	114	105	122	80	171	107	116	113	140
68	104	85	158	182	115	106	147	83	173	134	118	133	141
69	109	86	159	185	116	107	160	88	181	135	119	137	142
74	117	93	164	196	118	108	161	90	190	149	120	145	143
89	119	94	188	201	123	111	162	92	223	151	146	151	145
111	120	101	189	204	128	128	163	94	225	156	150	158	159
132	124	112	197	210	131	131	170	147	226	165	160	165	164
138	125	117	198	231	133	132	190	154	227	217	161	179	171
139	126	121	199	233	188	139	191	155	228	222	162	197	177
146	146	122	200	238	189	145	197	167	233	224	163	198	180
152	149	137	204	243	207	148	198	168	236	240	179	199	217
157	154	138	209	245	210	150	199	169	249	244	183	200	220
164	155	152	211	250	211	153	200	171	253	258	195	205	222
172	167	156	221	253	219	172	207	182	260	259	203	206	225
173	168	157	224	258	223	181	229	185	271	263	205	208	226
177	169	167	234	260	234	187	230	186	282	266	208	212	227
183	175	168	236	266	251	196	232	201	283	267	216	213	228
191	186	169	237	267	252	216	239	212	284	268	219	214	237
203	192	180	239	268	258	220	261	213	286	269	231	215	281
206	195	183	240	269	274	246	272	214	288	279	238	229	287
221	209	192	245	270	275	261	274	215	291	288	246	243	290
223	250	217	247	273	276	262	275	244	297	297	249	259	295
230	252	232	266	289	282	285	276	246	298	298	250	271	302
263	272	252	267	292	283	290	278	247	299	299	251	279	308
273	273	253	268	295	286	294	284	274	300	300	277	280	315
277	280	262	269	304	292	311	285	275	301	301	278	281	318
296	303	303	270	308	302	312	294	276	306	304	289	287	319
302	305	306	277	314	307	316	307	291	307	309	293	319	320
314	323	311	293	318	309	318	315	303	321	310	296	320	321
316	325	312	324	324	315	321	322	305	322	322	310	323	325

expected score
1.0	0.514

2.0	0.53

3.0	0.494

4.0	0.567

5.0	0.491

6.0	0.572

7.0	0.501

8.0	0.533

9.0	0.577

10.0	0.586

11.0	0.604

12.0	0.555

13.0	0.571

14.0	0.555

Categorical variables
UNIT
S042049	0	0	0	0	0	0	0	0	0	1	1	1	0	0
S042222	0	0	3	0	3	0	0	0	0	0	0	0	0	0
S042228	3	0	0	3	0	0	0	0	0	0	0	0	0	0
S042300	2	0	0	0	0	2	0	0	0	0	0	0	0	0
S052015	0	0	3	0	0	0	0	0	0	0	3	0	0	0
S052043	0	0	0	0	0	0	0	0	3	3	0	0	0	0
S052085	0	2	2	0	0	2	0	0	0	0	0	0	0	0
S052092	4	0	0	0	0	0	0	0	4	0	0	0	0	0
S052095	0	0	0	0	0	2	0	0	0	0	0	0	2	0
S052112	0	0	0	0	0	0	2	0	0	0	0	0	0	2
S052243	0	0	0	0	0	0	0	0	0	0	3	3	0	0
S052263	0	0	0	2	0	0	2	0	0	0	2	0	0	0
S052289	0	0	0	0	0	3	0	0	0	0	0	3	0	0
S052303	0	2	0	0	0	0	0	0	0	0	0	2	0	0
S062010	0	3	0	0	0	0	0	0	0	0	0	0	0	3
S062018	0	0	0	0	0	2	2	0	0	0	0	0	0	0
S062022	1	0	0	0	0	0	1	0	0	0	0	0	0	0
S062024	0	0	0	2	0	0	0	0	0	0	2	0	0	0
S062042	0	0	0	4	0	0	0	0	0	0	0	0	0	4
S062091	0	2	0	0	0	0	0	0	2	0	0	0	0	0
S062101	0	0	0	0	0	0	0	4	0	0	0	4	0	0
S062116	0	3	3	0	0	0	0	0	3	0	0	0	0	0
S062189	0	0	0	2	0	2	0	0	0	0	0	0	0	0
S062243	0	0	0	4	0	0	0	4	0	0	0	0	4	0
S072000	0	0	0	0	0	0	0	0	4	0	0	0	4	0
S072033	0	0	0	0	0	0	0	0	0	4	0	0	0	4
S072143	0	0	0	0	0	0	0	0	0	0	0	0	0	0
S072232	0	0	0	4	4	0	0	0	0	0	4	0	0	0
S072260	0	0	0	0	0	3	0	3	3	0	0	0	0	0
S072265	0	0	0	0	0	3	0	0	0	3	0	0	0	0
S072345	0	0	0	0	0	0	0	0	0	5	5	0	0	0
S072403	0	0	2	0	0	0	2	0	0	0	0	0	0	0
S072900	0	0	0	0	0	0	0	0	0	0	0	0	2	2
S072905	0	1	0	0	0	0	0	0	0	0	0	0	1	0

Content_Domain
Biology	15	15	16	16	15	15	15	15	15	15	15	16	16	15
Chemistry	9	9	9	9	9	9	9	9	9	9	9	9	9	9
Physics	11	13	10	11	12	12	13	11	12	12	11	12	11	12
Earth_Science	10	8	10	9	9	9	8	10	9	9	10	8	9	9

Cognitive_Domain
Applying	16	15	15	15	15	16	16	15	15	16	15	16	16	15
Knowing	15	15	15	15	15	15	15	15	15	15	15	15	15	15
Reasoning	14	15	15	15	15	14	14	15	15	14	15	14	14	15

Item_Type
MC	30	30	30	30	30	30	30	30	30	30	30	30	30	30
CR	15	15	15	15	15	15	15	15	15	15	15	15	15	15

New_Cycle
0	19	12	10	8	7	9	13	8	15	10	9	13	7	5
1	24	30	35	34	37	34	29	35	30	33	34	29	34	38

Topic

Biology_Knowing
0	38	41	41	38	41	42	39	40	40	39	39	37	40	39
1	7	4	4	7	4	3	6	5	5	6	6	8	5	6

Biology_Applying
1	4	5	5	6	8	7	5	6	6	3	4	4	8	3
0	41	40	40	39	37	38	40	39	39	42	41	41	37	42

Biology_Reasoning
0	41	39	38	42	42	40	41	41	41	39	40	41	42	39
1	4	6	7	3	3	5	4	4	4	6	5	4	3	6

Chemistry_Knowing
0	42	42	42	42	42	42	42	42	42	42	42	42	42	42
1	3	3	3	3	3	3	3	3	3	3	3	3	3	3

Chemistry_Applying
0	42	42	42	42	42	42	42	42	42	42	42	42	42	42
1	3	3	3	3	3	3	3	3	3	3	3	3	3	3

Chemistry_Reasoning
0	42	42	42	42	42	42	42	42	42	42	42	42	42	42
1	3	3	3	3	3	3	3	3	3	3	3	3	3	3

Physics_Knowing
0	44	41	40	44	42	40	43	41	44	41	43	43	41	42
1	1	4	5	1	3	5	2	4	1	4	2	2	4	3

Physics_Applying
0	40	41	42	40	43	42	39	41	41	41	43	41	41	39
1	5	4	3	5	2	3	6	4	4	4	2	4	4	6

Physics_Reasoning
0	40	40	43	40	38	41	40	42	38	41	38	39	42	42
1	5	5	2	5	7	4	5	3	7	4	7	6	3	3

Earth_Knowing
0	41	41	42	41	40	41	41	42	39	43	41	43	42	42
1	4	4	3	4	5	4	4	3	6	2	4	2	3	3

Earth_Applying
0	41	42	41	44	43	42	43	43	43	39	39	40	44	42
1	4	3	4	1	2	3	2	2	2	6	6	5	1	3

Earth_Reasoning
0	43	44	42	41	43	43	43	40	44	44	45	44	40	42
1	2	1	3	4	2	2	2	5	1	1	0	1	5	3

Sum variables

Overlap matrix
	1	2	3	4	5	6	7	8	9	10	11	12	13	14
1	45	4	4	6	6	5	6	4	6	2	1	6	2	4
2	4	45	13	2	3	4	4	1	11	2	1	6	3	4
3	4	13	45	0	6	4	4	4	7	4	7	1	2	3
4	6	2	0	45	8	4	4	6	2	1	11	2	5	7
5	6	3	6	8	45	4	4	1	3	6	7	5	3	4
6	5	4	4	4	4	45	2	8	5	5	2	6	5	5
7	6	4	4	4	4	2	45	6	5	3	2	6	3	8
8	4	1	4	6	1	8	6	45	5	6	2	6	7	4
9	6	11	7	2	3	5	5	5	45	5	2	1	5	3
10	2	2	4	1	6	5	3	6	5	45	10	4	4	6
11	1	1	7	11	7	2	2	2	2	10	45	5	4	3
12	6	6	1	2	5	6	6	6	1	4	5	45	8	0
13	2	3	2	5	3	5	3	7	5	4	4	8	45	7
14	4	4	3	7	4	5	8	4	3	6	3	0	7	45

Item use
5	3.0
11	3.0
16	3.0
33	3.0
40	3.0
50	3.0
57	3.0
63	3.0
64	3.0
81	3.0
87	3.0
90	3.0
91	3.0
92	3.0
94	3.0
96	3.0
106	3.0
107	3.0
110	3.0
137	3.0
145	3.0
146	3.0
147	3.0
149	3.0
150	3.0
151	3.0
157	3.0
164	3.0
167	3.0
168	3.0
169	3.0
171	3.0
177	3.0
181	3.0
183	3.0
197	3.0
198	3.0
199	3.0
200	3.0
217	3.0
223	3.0
246	3.0
250	3.0
252	3.0
253	3.0
258	3.0
266	3.0
267	3.0
268	3.0
269	3.0
273	3.0
274	3.0
275	3.0
276	3.0
277	3.0
302	3.0
303	3.0
307	3.0
315	3.0
318	3.0
321	3.0
322	3.0
2	2.0
3	2.0
4	2.0
6	2.0
7	2.0
8	2.0
9	2.0
10	2.0
12	2.0
13	2.0
14	2.0
15	2.0
17	2.0
20	2.0
22	2.0
23	2.0
24	2.0
25	2.0
26	2.0
27	2.0
28	2.0
29	2.0
30	2.0
31	2.0
32	2.0
35	2.0
37	2.0
38	2.0
39	2.0
41	2.0
42	2.0
43	2.0
45	2.0
46	2.0
47	2.0
48	2.0
49	2.0
52	2.0
53	2.0
54	2.0
55	2.0
58	2.0
59	2.0
61	2.0
62	2.0
66	2.0
67	2.0
68	2.0
69	2.0
70	2.0
71	2.0
72	2.0
73	2.0
74	2.0
76	2.0
77	2.0
78	2.0
79	2.0
80	2.0
82	2.0
83	2.0
85	2.0
86	2.0
88	2.0
89	2.0
93	2.0
98	2.0
99	2.0
100	2.0
101	2.0
102	2.0
103	2.0
104	2.0
105	2.0
108	2.0
109	2.0
111	2.0
112	2.0
113	2.0
114	2.0
115	2.0
116	2.0
117	2.0
118	2.0
119	2.0
120	2.0
121	2.0
122	2.0
123	2.0
124	2.0
125	2.0
126	2.0
128	2.0
131	2.0
132	2.0
133	2.0
134	2.0
135	2.0
138	2.0
139	2.0
140	2.0
141	2.0
142	2.0
143	2.0
148	2.0
152	2.0
153	2.0
154	2.0
155	2.0
156	2.0
158	2.0
159	2.0
160	2.0
161	2.0
162	2.0
163	2.0
165	2.0
170	2.0
172	2.0
173	2.0
175	2.0
179	2.0
180	2.0
182	2.0
185	2.0
186	2.0
188	2.0
189	2.0
190	2.0
191	2.0
192	2.0
195	2.0
196	2.0
201	2.0
203	2.0
204	2.0
205	2.0
206	2.0
207	2.0
208	2.0
209	2.0
210	2.0
211	2.0
212	2.0
213	2.0
214	2.0
215	2.0
216	2.0
219	2.0
220	2.0
221	2.0
222	2.0
224	2.0
225	2.0
226	2.0
227	2.0
228	2.0
229	2.0
230	2.0
231	2.0
232	2.0
233	2.0
234	2.0
236	2.0
237	2.0
238	2.0
239	2.0
240	2.0
243	2.0
244	2.0
245	2.0
247	2.0
249	2.0
251	2.0
259	2.0
260	2.0
261	2.0
262	2.0
263	2.0
270	2.0
271	2.0
272	2.0
278	2.0
279	2.0
280	2.0
281	2.0
282	2.0
283	2.0
284	2.0
285	2.0
286	2.0
287	2.0
288	2.0
289	2.0
290	2.0
291	2.0
292	2.0
293	2.0
294	2.0
295	2.0
296	2.0
297	2.0
298	2.0
299	2.0
300	2.0
301	2.0
304	2.0
305	2.0
306	2.0
308	2.0
309	2.0
310	2.0
311	2.0
312	2.0
314	2.0
316	2.0
319	2.0
320	2.0
323	2.0
324	2.0
325	2.0
19	1.0
187	1.0
1	0.0
18	0.0
21	0.0
34	0.0
36	0.0
44	0.0
51	0.0
56	0.0
60	0.0
65	0.0
75	0.0
84	0.0
95	0.0
97	0.0
127	0.0
129	0.0
130	0.0
136	0.0
144	0.0
166	0.0
174	0.0
176	0.0
178	0.0
184	0.0
193	0.0
194	0.0
202	0.0
218	0.0
235	0.0
241	0.0
242	0.0
248	0.0
254	0.0
255	0.0
256	0.0
257	0.0
264	0.0
265	0.0
313	0.0
317	0.0
