Length
1	2	3	4	5	6	7	8	9	10	11	12	13	14
45	45	45	45	45	45	45	45	45	45	45	45	45	45

design
35	7	10	27	3	4	4	14	2	9	2	5	8	20
37	15	24	28	13	5	5	15	22	10	3	7	9	32
40	16	25	29	23	12	13	16	33	31	20	8	17	41
73	23	26	66	38	32	14	17	35	40	22	16	27	63
90	43	40	67	43	33	30	50	37	50	30	24	28	64
94	50	47	68	47	39	33	57	61	58	85	25	29	77
96	53	48	69	48	41	45	59	66	59	102	26	38	78
104	54	49	70	49	42	46	77	67	63	106	31	39	79
110	55	53	76	52	52	86	83	68	64	107	57	42	82
112	62	54	94	73	58	87	101	69	74	108	80	45	89
119	70	55	111	74	61	88	105	71	83	123	81	46	90
120	76	57	114	88	62	92	108	72	91	149	91	71	106
128	81	81	115	91	63	93	113	80	110	150	98	72	107
131	103	85	116	92	64	96	123	89	149	156	99	87	117
132	109	104	124	93	78	105	140	90	176	157	100	102	124
138	111	118	125	94	79	106	141	96	206	172	112	110	125
145	117	134	126	98	82	107	142	133	208	176	114	132	126
146	122	135	148	99	86	118	143	137	222	179	115	137	140
157	137	146	154	100	87	121	146	139	225	188	116	147	141
159	145	151	155	103	92	134	147	148	226	189	119	153	142
164	147	156	171	121	101	135	160	151	227	217	120	165	143
170	154	167	175	160	113	150	161	158	228	218	122	181	164
173	155	168	180	161	128	157	162	173	229	222	138	196	177
177	165	169	195	162	131	158	163	181	232	237	153	197	188
179	167	177	197	163	133	159	170	182	236	240	183	198	189
180	168	182	198	167	139	164	197	185	244	241	203	199	190
183	169	183	199	168	149	171	198	186	258	254	210	200	196
185	172	190	200	169	150	175	199	191	259	255	216	205	211
191	181	212	211	184	171	204	200	192	260	256	219	212	216
192	186	213	224	203	205	207	207	220	262	257	220	213	225
201	195	214	234	204	209	217	230	223	271	258	236	214	226
206	201	215	237	210	238	219	233	224	272	263	240	215	227
221	209	273	246	229	243	244	243	238	274	266	247	221	228
230	217	278	247	231	253	251	250	241	275	267	251	245	253
234	231	282	266	232	262	252	260	252	276	268	258	274	254
245	246	283	267	233	266	259	261	254	277	269	274	275	255
246	250	284	268	250	267	261	273	255	297	280	275	276	256
253	264	286	269	252	268	273	278	256	298	297	276	287	257
263	281	287	279	271	269	288	281	257	299	298	277	290	289
270	285	292	282	288	294	290	285	270	300	299	280	291	292
279	289	307	283	302	295	291	307	272	301	300	284	295	305
296	303	311	286	318	304	293	319	288	302	301	293	305	306
302	308	312	315	321	310	296	320	294	306	304	303	310	315
314	318	315	316	324	314	308	321	303	307	309	311	319	316
325	323	318	321	325	317	309	322	322	323	324	312	320	322

expected score
1.0	0.489

2.0	0.518

3.0	0.587

4.0	0.634

5.0	0.487

6.0	0.581

7.0	0.493

8.0	0.545

9.0	0.497

10.0	0.555

11.0	0.58

12.0	0.548

13.0	0.603

14.0	0.584

Categorical variables
UNIT
S042049	0	0	0	0	0	1	1	0	0	0	0	1	0	0
S042222	0	0	3	0	0	0	0	0	0	0	0	3	0	0
S042228	0	0	0	3	0	0	0	0	0	0	0	0	3	0
S042300	2	0	0	0	0	0	0	0	2	0	0	0	0	0
S052015	0	0	3	0	3	0	0	0	0	0	0	0	0	0
S052043	0	3	3	0	0	0	0	0	0	0	0	0	0	0
S052085	0	0	0	0	0	2	0	0	0	2	0	0	0	2
S052092	0	0	0	4	0	0	0	0	4	0	0	0	0	0
S052095	0	0	0	0	0	0	0	0	2	0	0	0	2	0
S052112	0	0	0	0	0	2	0	0	0	0	0	0	0	2
S052243	0	0	0	0	3	0	0	0	0	0	0	3	0	0
S052263	0	0	0	0	0	0	2	0	0	0	2	0	0	2
S052289	0	0	0	3	0	0	0	0	0	0	0	3	0	0
S052303	2	0	0	0	0	0	0	0	0	0	0	2	0	0
S062010	0	0	0	3	0	0	0	0	0	0	0	0	0	3
S062018	2	0	0	0	0	2	0	0	0	0	0	0	0	0
S062022	1	0	0	0	0	0	0	0	0	0	0	0	1	0
S062024	0	0	2	0	0	0	2	0	0	0	0	0	0	0
S062042	0	0	0	0	0	0	0	4	0	0	0	0	0	4
S062091	0	2	0	2	0	0	0	0	0	0	0	0	0	0
S062101	0	0	0	0	4	0	0	4	0	0	0	0	0	0
S062116	0	3	3	0	3	0	0	0	0	0	0	0	0	0
S062189	0	0	0	0	0	0	0	0	0	0	2	0	0	2
S062243	0	0	0	4	0	0	0	4	0	0	0	0	4	0
S072000	0	0	4	0	0	0	0	0	0	0	0	0	4	0
S072033	0	0	0	0	0	0	0	0	0	4	0	0	0	4
S072143	0	0	0	0	0	0	0	0	4	0	4	0	0	4
S072232	0	0	0	4	0	4	0	0	0	0	4	0	0	0
S072260	0	0	0	0	0	0	0	0	0	3	0	3	3	0
S072265	0	0	3	3	0	0	0	0	0	0	0	0	0	0
S072345	0	0	0	0	0	0	0	0	0	5	5	0	0	0
S072403	0	0	2	0	0	0	0	0	0	0	0	2	0	0
S072900	0	0	0	0	0	0	0	2	0	0	0	0	2	0
S072905	0	1	0	0	0	0	0	0	0	1	0	0	0	0

Content_Domain
Biology	15	15	16	16	15	15	15	15	16	15	15	15	15	15
Chemistry	9	9	9	9	9	9	9	9	9	9	9	9	9	9
Physics	12	11	12	11	12	13	13	13	10	11	11	13	11	11
Earth_Science	9	10	8	9	9	8	8	8	10	10	10	8	10	10

Cognitive_Domain
Applying	15	15	16	15	15	15	15	15	15	16	15	15	15	15
Knowing	15	15	15	15	15	15	15	15	15	15	15	15	15	15
Reasoning	15	15	14	15	15	15	15	15	15	14	15	15	15	15

Item_Type
MC	30	30	30	30	30	30	30	30	30	30	30	30	30	30
CR	15	15	15	15	15	15	15	15	15	15	15	15	15	15

New_Cycle
0	9	10	10	11	9	13	11	8	12	6	9	15	10	8
1	35	32	34	32	35	30	33	35	32	38	33	27	33	36

Topic

Biology_Knowing
0	41	39	41	39	38	40	42	40	37	38	39	40	40	41
1	4	6	4	6	7	5	3	5	8	7	6	5	5	4

Biology_Applying
1	6	4	7	7	4	5	4	6	6	3	4	8	8	4
0	39	41	38	38	41	40	41	39	39	42	41	37	37	41

Biology_Reasoning
0	40	40	40	42	41	40	37	41	43	40	40	43	43	38
1	5	5	5	3	4	5	8	4	2	5	5	2	2	7

Chemistry_Knowing
0	40	43	44	41	43	42	41	42	44	41	43	39	43	42
1	5	2	1	4	2	3	4	3	1	4	2	6	2	3

Chemistry_Applying
0	44	41	39	43	40	42	42	42	44	42	44	44	42	45
1	1	4	6	2	5	3	3	3	1	3	1	1	3	0

Chemistry_Reasoning
0	42	42	43	42	43	42	43	42	38	43	39	43	41	39
1	3	3	2	3	2	3	2	3	7	2	6	2	4	6

Physics_Knowing
0	43	41	38	41	43	43	42	40	44	41	43	42	43	43
1	2	4	7	4	2	2	3	5	1	4	2	3	2	2

Physics_Applying
0	40	42	43	43	41	40	40	40	41	43	40	43	41	37
1	5	3	2	2	4	5	5	5	4	2	5	2	4	8

Physics_Reasoning
0	40	41	42	40	39	39	40	42	40	40	41	37	40	44
1	5	4	3	5	6	6	5	3	5	5	4	8	5	1

Earth_Knowing
0	41	42	42	44	41	40	40	43	40	45	40	44	39	39
1	4	3	3	1	4	5	5	2	5	0	5	1	6	6

Earth_Applying
0	42	41	44	41	43	43	42	44	41	37	40	41	45	42
1	3	4	1	4	2	2	3	1	4	8	5	4	0	3

Earth_Reasoning
0	43	42	41	41	42	44	45	40	44	43	45	42	41	44
1	2	3	4	4	3	1	0	5	1	2	0	3	4	1

Sum variables

Overlap matrix
	1	2	3	4	5	6	7	8	9	10	11	12	13	14
1	45	3	5	5	4	4	5	3	9	4	3	5	4	4
2	3	45	8	7	9	2	2	7	4	2	2	5	4	2
3	5	8	45	4	7	0	4	5	2	3	2	9	5	4
4	5	7	4	45	2	5	2	5	6	0	5	4	7	6
5	4	9	7	2	45	2	8	7	2	6	2	6	1	0
6	4	2	0	5	2	45	8	3	6	5	7	1	6	8
7	5	2	4	2	8	8	45	5	5	2	7	4	5	3
8	3	7	5	5	7	3	5	45	1	5	2	2	8	6
9	9	4	2	6	2	6	5	1	45	1	7	3	4	7
10	4	2	3	0	6	5	2	5	1	45	9	8	5	7
11	3	2	2	5	2	7	7	2	7	9	45	3	1	9
12	5	5	9	4	6	1	4	2	3	8	3	45	5	1
13	4	4	5	7	1	6	5	8	4	5	1	5	45	2
14	4	2	4	6	0	8	3	6	7	7	9	1	2	45

Item use
5	3.0
16	3.0
33	3.0
40	3.0
50	3.0
57	3.0
63	3.0
64	3.0
81	3.0
87	3.0
90	3.0
91	3.0
92	3.0
94	3.0
96	3.0
106	3.0
107	3.0
110	3.0
137	3.0
146	3.0
147	3.0
149	3.0
150	3.0
157	3.0
164	3.0
167	3.0
168	3.0
169	3.0
171	3.0
177	3.0
181	3.0
183	3.0
197	3.0
198	3.0
199	3.0
200	3.0
217	3.0
246	3.0
250	3.0
252	3.0
253	3.0
254	3.0
255	3.0
256	3.0
257	3.0
258	3.0
266	3.0
267	3.0
268	3.0
269	3.0
273	3.0
274	3.0
275	3.0
276	3.0
288	3.0
302	3.0
303	3.0
307	3.0
315	3.0
318	3.0
321	3.0
322	3.0
2	2.0
3	2.0
4	2.0
7	2.0
8	2.0
9	2.0
10	2.0
13	2.0
14	2.0
15	2.0
17	2.0
20	2.0
22	2.0
23	2.0
24	2.0
25	2.0
26	2.0
27	2.0
28	2.0
29	2.0
30	2.0
31	2.0
32	2.0
35	2.0
37	2.0
38	2.0
39	2.0
41	2.0
42	2.0
43	2.0
45	2.0
46	2.0
47	2.0
48	2.0
49	2.0
52	2.0
53	2.0
54	2.0
55	2.0
58	2.0
59	2.0
61	2.0
62	2.0
66	2.0
67	2.0
68	2.0
69	2.0
70	2.0
71	2.0
72	2.0
73	2.0
74	2.0
76	2.0
77	2.0
78	2.0
79	2.0
80	2.0
82	2.0
83	2.0
85	2.0
86	2.0
88	2.0
89	2.0
93	2.0
98	2.0
99	2.0
100	2.0
101	2.0
102	2.0
103	2.0
104	2.0
105	2.0
108	2.0
111	2.0
112	2.0
113	2.0
114	2.0
115	2.0
116	2.0
117	2.0
118	2.0
119	2.0
120	2.0
121	2.0
122	2.0
123	2.0
124	2.0
125	2.0
126	2.0
128	2.0
131	2.0
132	2.0
133	2.0
134	2.0
135	2.0
138	2.0
139	2.0
140	2.0
141	2.0
142	2.0
143	2.0
145	2.0
148	2.0
151	2.0
153	2.0
154	2.0
155	2.0
156	2.0
158	2.0
159	2.0
160	2.0
161	2.0
162	2.0
163	2.0
165	2.0
170	2.0
172	2.0
173	2.0
175	2.0
176	2.0
179	2.0
180	2.0
182	2.0
185	2.0
186	2.0
188	2.0
189	2.0
190	2.0
191	2.0
192	2.0
195	2.0
196	2.0
201	2.0
203	2.0
204	2.0
205	2.0
206	2.0
207	2.0
209	2.0
210	2.0
211	2.0
212	2.0
213	2.0
214	2.0
215	2.0
216	2.0
219	2.0
220	2.0
221	2.0
222	2.0
224	2.0
225	2.0
226	2.0
227	2.0
228	2.0
229	2.0
230	2.0
231	2.0
232	2.0
233	2.0
234	2.0
236	2.0
237	2.0
238	2.0
240	2.0
241	2.0
243	2.0
244	2.0
245	2.0
247	2.0
251	2.0
259	2.0
260	2.0
261	2.0
262	2.0
263	2.0
270	2.0
271	2.0
272	2.0
277	2.0
278	2.0
279	2.0
280	2.0
281	2.0
282	2.0
283	2.0
284	2.0
285	2.0
286	2.0
287	2.0
289	2.0
290	2.0
291	2.0
292	2.0
293	2.0
294	2.0
295	2.0
296	2.0
297	2.0
298	2.0
299	2.0
300	2.0
301	2.0
304	2.0
305	2.0
306	2.0
308	2.0
309	2.0
310	2.0
311	2.0
312	2.0
314	2.0
316	2.0
319	2.0
320	2.0
323	2.0
324	2.0
325	2.0
12	1.0
109	1.0
184	1.0
208	1.0
218	1.0
223	1.0
264	1.0
317	1.0
1	0.0
6	0.0
11	0.0
18	0.0
19	0.0
21	0.0
34	0.0
36	0.0
44	0.0
51	0.0
56	0.0
60	0.0
65	0.0
75	0.0
84	0.0
95	0.0
97	0.0
127	0.0
129	0.0
130	0.0
136	0.0
144	0.0
152	0.0
166	0.0
174	0.0
178	0.0
187	0.0
193	0.0
194	0.0
202	0.0
235	0.0
239	0.0
242	0.0
248	0.0
249	0.0
265	0.0
313	0.0
