Length
1	2	3	4	5	6	7	8	9	10	11	12	13	14
45	45	45	45	45	45	45	45	45	45	45	45	45	45

design
2	13	9	6	16	3	1	6	10	10	1	20	4	2
4	32	33	8	42	11	7	12	14	35	3	21	17	5
9	38	38	22	45	16	15	13	15	37	5	23	27	7
11	39	41	34	50	52	22	14	17	39	18	24	28	8
12	42	47	52	63	76	46	21	20	40	35	25	29	24
18	51	48	57	64	77	50	31	23	51	37	26	30	25
31	60	49	58	70	86	59	33	30	53	53	43	44	26
36	62	57	75	73	90	62	41	32	54	54	58	45	27
56	81	61	91	77	97	71	44	36	55	55	65	85	28
83	85	70	98	102	106	72	47	40	74	56	66	87	29
88	94	71	99	112	107	80	48	43	97	61	67	89	34
93	103	72	100	119	111	89	49	59	102	75	68	93	46
101	111	73	105	120	140	96	65	63	106	82	69	108	78
104	118	86	113	121	141	103	78	64	107	98	74	110	79
110	119	92	121	133	142	133	79	66	108	99	91	114	81
112	120	134	124	134	143	138	83	67	129	100	95	115	105
128	139	135	125	135	152	144	87	68	132	128	96	116	109
131	164	137	126	137	157	149	88	69	148	131	104	123	117
152	171	150	151	144	167	172	90	80	150	138	114	129	118
154	182	156	153	146	168	181	101	82	170	174	115	132	124
155	197	158	154	147	169	184	109	92	181	178	116	140	125
179	198	166	155	149	170	191	117	94	185	192	122	141	126
183	199	171	160	151	173	195	122	113	206	193	139	142	147
186	200	173	161	156	175	208	123	145	211	194	145	143	157
188	201	174	162	158	176	212	153	178	216	210	146	148	159
189	202	177	163	172	190	213	160	180	235	219	164	159	165
193	203	192	175	186	195	214	161	185	236	224	165	167	166
207	212	204	197	196	231	215	162	190	242	244	179	168	177
219	213	205	198	203	232	218	163	201	246	249	182	169	180
225	214	231	199	207	233	222	176	217	254	254	183	184	191
226	215	233	200	209	237	229	187	239	255	255	187	196	204
227	221	234	223	210	242	238	188	245	256	256	206	205	221
228	229	250	230	220	253	240	189	264	257	257	225	208	223
243	230	262	232	238	260	241	209	271	261	263	226	217	224
249	241	274	235	243	266	251	211	282	270	296	227	222	266
258	247	275	237	247	267	258	216	283	271	297	228	234	267
259	252	276	284	250	268	264	218	286	272	298	240	236	268
273	259	284	297	253	269	273	220	289	278	299	245	260	269
277	263	302	298	278	282	277	239	303	281	300	251	279	280
285	274	307	299	287	283	279	244	305	290	301	262	280	290
288	275	309	300	291	286	287	246	311	295	304	270	288	292
293	276	315	301	292	291	302	252	312	306	310	281	294	304
296	289	318	313	293	305	303	261	316	307	319	285	308	308
315	306	322	321	294	309	319	272	317	316	320	310	311	314
318	313	324	323	314	323	320	295	322	317	324	325	312	325

expected score
1.0	0.52

2.0	0.562

3.0	0.589

4.0	0.555

5.0	0.438

6.0	0.542

7.0	0.53

8.0	0.537

9.0	0.544

10.0	0.507

11.0	0.525

12.0	0.544

13.0	0.527

14.0	0.513

Categorical variables
UNIT
S042049	0	0	0	0	0	0	0	0	0	0	1	0	0	1
S042222	0	0	0	0	0	0	0	0	0	0	0	3	0	3
S042228	0	0	0	0	0	0	0	0	0	0	0	0	3	3
S042300	0	0	0	0	0	0	0	0	0	2	2	0	0	0
S052015	0	0	3	0	0	0	0	3	0	0	0	0	0	0
S052043	0	0	0	0	0	0	0	0	0	3	3	0	0	0
S052085	0	0	0	0	2	0	0	0	2	0	0	0	0	0
S052092	0	0	0	0	0	0	0	0	4	0	0	4	0	0
S052095	0	0	2	0	0	0	2	0	0	0	0	0	0	0
S052112	0	0	0	0	0	0	0	2	0	0	0	0	0	2
S052243	0	0	0	3	0	0	0	0	0	0	3	0	0	0
S052263	0	0	0	0	0	2	0	0	0	2	0	0	0	0
S052289	0	0	0	0	0	0	0	0	0	0	0	3	3	0
S052303	0	2	0	0	2	0	0	0	0	0	0	0	0	0
S062010	0	0	0	3	0	0	0	0	0	0	0	0	0	3
S062018	2	0	0	0	0	0	0	0	0	0	2	0	0	0
S062022	0	0	0	0	0	0	0	0	0	1	0	0	1	0
S062024	0	0	2	0	2	0	0	0	0	0	0	0	0	0
S062042	0	0	0	0	0	4	0	0	0	0	0	0	4	0
S062091	2	0	0	2	0	0	0	0	0	0	0	0	0	0
S062101	0	0	0	4	0	0	0	4	0	0	0	0	0	0
S062116	0	0	0	0	0	3	0	0	0	0	0	0	3	0
S062189	2	0	0	0	0	0	0	2	0	0	0	0	0	0
S062243	0	4	0	4	0	0	0	0	0	0	0	0	0	0
S072000	0	4	0	0	0	0	4	0	0	0	0	0	0	0
S072033	4	0	0	0	0	0	0	0	0	0	0	4	0	0
S072143	0	0	0	0	0	0	0	0	0	4	4	0	0	0
S072232	0	0	0	0	0	4	0	0	0	0	0	0	0	4
S072260	0	3	3	0	0	0	0	0	0	0	0	0	0	0
S072265	0	0	0	0	0	3	0	0	3	0	0	0	0	0
S072345	0	0	0	5	0	0	0	0	0	0	5	0	0	0
S072403	0	0	0	0	0	0	0	0	2	0	0	0	2	0
S072900	0	0	0	0	0	0	2	0	0	0	2	0	0	0
S072905	0	0	0	1	0	1	0	0	0	0	0	0	0	0

Content_Domain
Biology	15	15	16	16	15	15	15	15	15	15	15	16	15	15
Chemistry	13	9	6	10	11	6	10	12	5	11	12	5	9	12
Physics	9	11	15	7	10	18	11	9	16	11	8	15	12	11
Earth_Science	8	10	8	12	9	6	9	9	9	8	10	9	9	7

Cognitive_Domain
Applying	17	16	16	17	13	14	17	20	14	24	26	21	20	14
Knowing	17	16	13	15	20	15	17	19	22	9	9	18	15	17
Reasoning	11	13	16	13	12	16	11	6	9	12	10	6	10	14

Item_Type
MC	31	35	30	35	23	29	32	33	27	28	31	29	25	28
CR	14	10	15	10	22	16	13	12	18	17	14	16	20	17

New_Cycle
0	10	10	7	4	7	8	8	10	17	12	11	17	14	11
1	29	33	35	38	36	37	30	30	26	29	28	23	28	32

Topic

Biology_Knowing
0	39	41	39	39	38	40	42	37	39	44	42	34	39	40
1	6	4	6	6	7	5	3	8	6	1	3	11	6	5

Biology_Applying
1	7	8	6	8	4	4	10	7	4	10	10	4	4	7
0	38	37	39	37	41	41	35	38	41	35	35	41	41	38

Biology_Reasoning
0	43	42	41	43	41	39	43	45	40	41	43	44	40	42
1	2	3	4	2	4	6	2	0	5	4	2	1	5	3

Chemistry_Knowing
0	40	38	45	39	41	44	41	44	41	44	41	43	43	39
1	5	7	0	6	4	1	4	1	4	1	4	2	2	6

Chemistry_Applying
0	40	44	41	43	43	44	41	38	44	40	41	42	41	42
1	5	1	4	2	2	1	4	7	1	5	4	3	4	3

Chemistry_Reasoning
0	42	44	43	43	40	41	43	41	45	40	41	45	42	42
1	3	1	2	2	5	4	2	4	0	5	4	0	3	3

Physics_Knowing
0	42	44	41	44	41	40	40	42	39	42	44	42	41	42
1	3	1	4	1	4	5	5	3	6	3	1	3	4	3

Physics_Applying
0	42	39	41	43	42	38	43	40	38	39	40	37	38	43
1	3	6	4	2	3	7	2	5	7	6	5	8	7	2

Physics_Reasoning
0	42	41	38	41	42	39	41	44	42	43	43	41	44	39
1	3	4	7	4	3	6	4	1	3	2	2	4	1	6

Earth_Knowing
0	42	41	42	43	40	41	40	38	39	41	44	43	42	42
1	3	4	3	2	5	4	5	7	6	4	1	2	3	3

Earth_Applying
0	43	44	43	40	41	43	44	44	43	42	38	39	40	43
1	2	1	2	5	4	2	1	1	2	3	7	6	5	2

Earth_Reasoning
0	42	40	42	40	45	45	42	44	44	44	43	44	44	43
1	3	5	3	5	0	0	3	1	1	1	2	1	1	2

Sum variables

Overlap matrix
	1	2	3	4	5	6	7	8	9	10	11	12	13	14
1	45	1	3	2	5	2	3	7	1	0	8	8	4	1
2	1	45	5	6	5	1	8	2	4	3	1	3	1	3
3	3	5	45	2	8	5	3	5	2	2	4	1	2	3
4	2	6	2	45	2	5	1	6	1	1	9	2	0	7
5	5	5	8	2	45	4	7	2	2	2	1	1	3	3
6	2	1	5	5	4	45	1	2	5	5	1	0	8	5
7	3	8	3	1	7	1	45	1	5	1	4	3	5	3
8	7	2	5	6	2	2	1	45	2	6	1	4	3	4
9	1	4	2	1	2	5	5	2	45	6	2	9	5	1
10	0	3	2	1	2	5	1	6	6	45	9	4	5	1
11	8	1	4	9	1	1	4	1	2	9	45	1	0	3
12	8	3	1	2	1	0	3	4	9	4	1	45	3	5
13	4	1	2	0	3	8	5	3	5	5	0	3	45	6
14	1	3	3	7	3	5	3	4	1	1	3	5	6	45

Item use
1	2.0
2	2.0
3	2.0
4	2.0
5	2.0
6	2.0
7	2.0
8	2.0
9	2.0
10	2.0
11	2.0
12	2.0
13	2.0
14	2.0
15	2.0
16	2.0
17	2.0
18	2.0
20	2.0
21	2.0
22	2.0
23	2.0
24	2.0
25	2.0
26	2.0
27	2.0
28	2.0
29	2.0
30	2.0
31	2.0
32	2.0
33	2.0
34	2.0
35	2.0
36	2.0
37	2.0
38	2.0
39	2.0
40	2.0
41	2.0
42	2.0
43	2.0
44	2.0
45	2.0
46	2.0
47	2.0
48	2.0
49	2.0
50	2.0
51	2.0
52	2.0
53	2.0
54	2.0
55	2.0
56	2.0
57	2.0
58	2.0
59	2.0
61	2.0
62	2.0
63	2.0
64	2.0
65	2.0
66	2.0
67	2.0
68	2.0
69	2.0
70	2.0
71	2.0
72	2.0
73	2.0
74	2.0
75	2.0
77	2.0
78	2.0
79	2.0
80	2.0
81	2.0
82	2.0
83	2.0
85	2.0
86	2.0
87	2.0
88	2.0
89	2.0
90	2.0
91	2.0
92	2.0
93	2.0
94	2.0
96	2.0
97	2.0
98	2.0
99	2.0
100	2.0
101	2.0
102	2.0
103	2.0
104	2.0
105	2.0
106	2.0
107	2.0
108	2.0
109	2.0
110	2.0
111	2.0
112	2.0
113	2.0
114	2.0
115	2.0
116	2.0
117	2.0
118	2.0
119	2.0
120	2.0
121	2.0
122	2.0
123	2.0
124	2.0
125	2.0
126	2.0
128	2.0
129	2.0
131	2.0
132	2.0
133	2.0
134	2.0
135	2.0
137	2.0
138	2.0
139	2.0
140	2.0
141	2.0
142	2.0
143	2.0
144	2.0
145	2.0
146	2.0
147	2.0
148	2.0
149	2.0
150	2.0
151	2.0
152	2.0
153	2.0
154	2.0
155	2.0
156	2.0
157	2.0
158	2.0
159	2.0
160	2.0
161	2.0
162	2.0
163	2.0
164	2.0
165	2.0
166	2.0
167	2.0
168	2.0
169	2.0
170	2.0
171	2.0
172	2.0
173	2.0
174	2.0
175	2.0
176	2.0
177	2.0
178	2.0
179	2.0
180	2.0
181	2.0
182	2.0
183	2.0
184	2.0
185	2.0
186	2.0
187	2.0
188	2.0
189	2.0
190	2.0
191	2.0
192	2.0
193	2.0
195	2.0
196	2.0
197	2.0
198	2.0
199	2.0
200	2.0
201	2.0
203	2.0
204	2.0
205	2.0
206	2.0
207	2.0
208	2.0
209	2.0
210	2.0
211	2.0
212	2.0
213	2.0
214	2.0
215	2.0
216	2.0
217	2.0
218	2.0
219	2.0
220	2.0
221	2.0
222	2.0
223	2.0
224	2.0
225	2.0
226	2.0
227	2.0
228	2.0
229	2.0
230	2.0
231	2.0
232	2.0
233	2.0
234	2.0
235	2.0
236	2.0
237	2.0
238	2.0
239	2.0
240	2.0
241	2.0
242	2.0
243	2.0
244	2.0
245	2.0
246	2.0
247	2.0
249	2.0
250	2.0
251	2.0
252	2.0
253	2.0
254	2.0
255	2.0
256	2.0
257	2.0
258	2.0
259	2.0
260	2.0
261	2.0
262	2.0
263	2.0
264	2.0
266	2.0
267	2.0
268	2.0
269	2.0
270	2.0
271	2.0
272	2.0
273	2.0
274	2.0
275	2.0
276	2.0
277	2.0
278	2.0
279	2.0
280	2.0
281	2.0
282	2.0
283	2.0
284	2.0
285	2.0
286	2.0
287	2.0
288	2.0
289	2.0
290	2.0
291	2.0
292	2.0
293	2.0
294	2.0
295	2.0
296	2.0
297	2.0
298	2.0
299	2.0
300	2.0
301	2.0
302	2.0
303	2.0
304	2.0
305	2.0
306	2.0
307	2.0
308	2.0
309	2.0
310	2.0
311	2.0
312	2.0
313	2.0
314	2.0
315	2.0
316	2.0
317	2.0
318	2.0
319	2.0
320	2.0
322	2.0
323	2.0
324	2.0
325	2.0
60	1.0
76	1.0
95	1.0
194	1.0
202	1.0
321	1.0
19	0.0
84	0.0
127	0.0
130	0.0
136	0.0
248	0.0
265	0.0
