Length
1	2	3	4	5	6	7	8	9	10	11	12	13	14
45	45	45	45	45	45	45	45	45	45	45	45	45	45

design
4	4	16	5	7	2	15	6	14	23	23	3	2	5
6	7	24	50	8	3	24	12	15	31	30	9	5	8
12	22	25	53	10	17	25	16	20	33	35	13	9	10
13	32	26	54	16	27	26	22	30	41	37	39	17	38
14	50	40	55	20	28	45	57	33	61	40	42	32	50
31	56	47	66	27	29	47	60	39	66	56	43	71	53
33	58	48	67	28	35	48	63	87	67	59	46	72	54
43	59	49	68	29	37	49	64	92	68	77	58	81	55
46	74	52	69	40	38	61	76	104	69	83	62	83	63
62	76	74	70	41	42	81	81	106	91	101	70	86	64
82	80	78	71	45	52	94	85	107	96	108	73	94	78
86	89	79	72	73	60	106	88	128	114	109	87	103	79
87	91	98	118	80	63	107	90	131	115	110	89	113	82
88	92	99	119	106	64	111	102	137	116	137	90	114	85
93	93	100	120	107	77	147	105	138	132	145	91	115	90
109	94	113	124	139	102	149	110	148	146	150	92	116	96
122	101	117	125	156	103	151	112	154	150	151	96	119	110
138	104	124	126	165	108	153	121	155	157	154	98	120	112
147	105	125	140	170	117	159	132	159	173	155	99	144	121
157	111	126	141	171	123	176	137	167	179	164	100	148	140
158	122	145	142	175	133	181	165	168	188	188	118	160	141
167	123	146	143	177	134	201	172	169	189	189	133	161	142
168	128	149	150	180	135	204	175	173	203	190	145	162	143
169	131	160	164	182	157	216	179	176	207	206	149	163	177
172	134	161	197	191	170	221	183	181	225	207	151	187	181
180	135	162	198	195	192	245	197	185	226	211	158	197	191
182	139	163	199	203	217	260	198	186	227	236	164	198	192
183	146	177	200	208	235	261	199	206	228	245	171	199	196
185	147	196	201	209	237	273	200	208	231	247	186	200	216
190	153	209	233	210	254	279	204	212	243	253	195	205	220
210	156	229	234	217	255	285	218	213	246	259	205	212	225
219	167	232	240	231	256	287	219	214	250	263	211	213	226
230	168	237	262	243	257	288	222	215	251	266	221	214	227
238	169	258	266	251	262	292	230	220	253	267	229	215	228
254	171	270	267	271	264	297	238	239	260	268	232	253	247
255	183	278	268	274	266	298	239	246	274	269	233	254	252
256	187	287	269	275	267	299	240	250	275	282	234	255	281
257	217	303	284	276	268	300	246	259	276	283	236	256	289
271	222	305	288	278	269	301	261	274	277	286	258	257	291
272	258	308	292	302	270	302	272	275	290	290	280	279	294
273	263	315	297	303	277	303	273	276	304	293	296	280	295
277	285	318	298	307	282	308	295	281	309	306	306	289	307
284	305	319	299	311	283	315	311	293	318	310	309	304	310
302	307	320	300	312	286	321	312	296	321	322	318	319	316
323	315	321	301	314	314	324	323	324	325	325	322	320	322

expected score
1.0	0.512

2.0	0.485

3.0	0.531

4.0	0.663

5.0	0.543

6.0	0.546

7.0	0.503

8.0	0.51

9.0	0.534

10.0	0.601

11.0	0.541

12.0	0.563

13.0	0.575

14.0	0.574

Categorical variables
UNIT
S042049	0	0	0	1	0	0	0	0	0	0	0	0	1	1
S042222	0	0	3	0	0	0	3	0	0	0	0	0	0	0
S042228	0	0	0	0	3	3	0	0	0	0	0	0	0	0
S042300	0	0	0	0	0	2	0	0	0	0	2	0	0	0
S052015	0	0	3	0	0	0	3	0	0	0	0	0	0	0
S052043	0	0	0	3	0	0	0	0	0	0	0	0	0	3
S052085	0	0	0	0	0	2	0	2	0	0	0	0	0	2
S052092	0	0	0	4	0	0	0	0	0	4	0	0	0	0
S052095	0	0	0	2	0	0	0	0	0	0	0	0	2	0
S052112	0	0	2	0	0	0	0	0	0	0	0	0	0	2
S052243	0	0	3	0	0	0	0	0	0	0	0	3	0	0
S052263	0	0	0	0	2	0	2	0	2	0	0	0	0	0
S052289	0	0	0	0	0	0	0	0	0	3	0	0	3	0
S052303	0	0	0	2	0	0	0	0	0	0	0	0	2	0
S062010	0	0	3	3	0	0	0	0	0	0	0	0	0	0
S062018	0	2	0	0	0	0	0	0	2	0	0	0	0	0
S062022	0	0	0	0	0	0	0	1	0	1	0	0	0	0
S062024	0	2	0	0	0	2	0	0	0	0	0	0	0	0
S062042	0	0	0	4	0	0	0	0	0	0	0	0	0	4
S062091	0	0	0	0	0	0	0	0	2	0	2	0	0	0
S062101	0	0	4	0	0	0	0	0	0	0	0	0	4	0
S062116	3	3	0	0	0	0	0	0	3	0	0	0	0	0
S062189	0	0	0	0	0	0	0	0	0	2	2	0	0	0
S062243	0	0	0	4	0	0	0	4	0	0	0	0	4	0
S072000	0	0	0	0	0	0	0	0	4	0	0	0	4	0
S072033	0	0	0	0	0	0	0	0	0	4	0	0	0	4
S072143	4	0	0	0	0	4	0	0	0	0	0	0	4	0
S072232	0	0	0	4	0	4	0	0	0	0	4	0	0	0
S072260	0	0	0	0	3	0	0	0	3	3	0	0	0	0
S072265	0	0	0	0	0	3	0	0	0	0	3	0	0	0
S072345	0	0	0	5	0	0	5	0	0	0	0	0	0	0
S072403	0	0	0	0	2	0	0	2	0	0	0	0	0	0
S072900	0	0	2	0	0	0	0	0	0	0	0	0	2	0
S072905	1	0	0	0	0	0	0	1	0	0	0	0	0	0

Content_Domain
Biology	15	15	16	15	15	15	15	15	15	15	15	15	16	15
Chemistry	9	9	9	9	9	9	9	9	9	9	9	9	9	9
Physics	13	11	10	12	13	13	11	11	12	13	13	11	10	12
Earth_Science	8	10	10	9	8	8	10	10	9	8	8	10	10	9

Cognitive_Domain
Applying	15	15	15	16	15	15	16	15	15	15	16	15	16	16
Knowing	15	15	15	15	15	15	15	15	15	15	16	15	15	16
Reasoning	15	15	15	14	15	15	14	15	15	15	13	15	14	13

Item_Type
MC	30	30	30	32	30	30	30	30	30	30	30	30	31	30
CR	15	15	15	13	15	15	15	15	15	15	15	15	14	15

New_Cycle
0	9	11	5	10	13	13	8	5	11	14	9	12	11	11
1	32	31	40	34	32	27	34	37	32	30	33	29	30	32

Topic

Biology_Knowing
0	40	40	40	39	38	41	40	38	42	36	42	37	40	39
1	5	5	5	6	7	4	5	7	3	9	3	8	5	6

Biology_Applying
1	6	3	7	4	3	7	6	5	7	3	7	4	8	3
0	39	42	38	41	42	38	39	40	38	42	38	41	37	42

Biology_Reasoning
0	41	38	41	40	40	41	41	42	40	42	40	42	42	39
1	4	7	4	5	5	4	4	3	5	3	5	3	3	6

Chemistry_Knowing
0	45	41	41	39	42	45	42	42	42	43	41	44	44	41
1	0	4	4	6	3	0	3	3	3	2	4	1	1	4

Chemistry_Applying
0	42	42	42	42	41	42	42	42	42	41	42	42	42	42
1	3	3	3	3	4	3	3	3	3	4	3	3	3	3

Chemistry_Reasoning
0	39	43	43	45	43	39	42	42	42	42	43	40	40	43
1	6	2	2	0	2	6	3	3	3	3	2	5	5	2

Physics_Knowing
0	40	43	43	42	44	39	39	43	42	45	41	44	38	43
1	5	2	2	3	1	6	6	2	3	0	4	1	7	2

Physics_Applying
0	40	40	43	41	38	43	44	39	43	40	42	41	43	38
1	5	5	2	4	7	2	1	6	2	5	3	4	2	7

Physics_Reasoning
0	42	41	39	40	40	40	41	42	38	37	39	39	44	42
1	3	4	6	5	5	5	4	3	7	8	6	6	1	3

Earth_Knowing
0	40	41	41	45	41	40	44	42	39	41	40	40	43	41
1	5	4	4	0	4	5	1	3	6	4	5	5	2	4

Earth_Applying
0	44	41	42	40	44	42	39	44	42	42	42	41	42	42
1	1	4	3	5	1	3	6	1	3	3	3	4	3	3

Earth_Reasoning
0	43	43	42	41	42	45	42	39	45	44	45	44	40	43
1	2	2	3	4	3	0	3	6	0	1	0	1	5	2

Sum variables

Overlap matrix
	1	2	3	4	5	6	7	8	9	10	11	12	13	14
1	45	8	0	1	5	6	3	11	8	4	2	6	5	1
2	8	45	5	1	7	4	6	5	7	2	4	6	3	2
3	0	5	45	3	6	4	12	1	0	3	2	9	7	4
4	1	1	3	45	0	5	8	5	0	5	6	5	9	9
5	5	7	6	0	45	6	5	5	7	8	1	3	0	5
6	6	4	4	5	6	45	0	4	0	2	11	3	7	4
7	3	6	12	8	5	0	45	4	7	3	2	3	3	2
8	11	5	1	5	5	4	4	45	3	3	2	1	5	8
9	8	7	0	0	7	0	7	3	45	7	7	5	5	3
10	4	2	3	5	8	2	3	3	7	45	8	4	5	5
11	2	4	2	6	1	11	2	2	7	8	45	7	2	4
12	6	6	9	5	3	3	3	1	5	4	7	45	3	3
13	5	3	7	9	0	7	3	5	5	5	2	3	45	2
14	1	2	4	9	5	4	2	8	3	5	4	3	2	45

Item use
5	3.0
16	3.0
33	3.0
40	3.0
50	3.0
63	3.0
64	3.0
81	3.0
87	3.0
90	3.0
91	3.0
92	3.0
94	3.0
96	3.0
106	3.0
107	3.0
110	3.0
137	3.0
145	3.0
146	3.0
147	3.0
149	3.0
150	3.0
151	3.0
157	3.0
164	3.0
167	3.0
168	3.0
169	3.0
171	3.0
177	3.0
181	3.0
183	3.0
197	3.0
198	3.0
199	3.0
200	3.0
217	3.0
246	3.0
253	3.0
254	3.0
255	3.0
256	3.0
257	3.0
258	3.0
266	3.0
267	3.0
268	3.0
269	3.0
273	3.0
274	3.0
275	3.0
276	3.0
277	3.0
302	3.0
303	3.0
307	3.0
315	3.0
318	3.0
321	3.0
322	3.0
2	2.0
3	2.0
4	2.0
6	2.0
7	2.0
8	2.0
9	2.0
10	2.0
12	2.0
13	2.0
14	2.0
15	2.0
17	2.0
20	2.0
22	2.0
23	2.0
24	2.0
25	2.0
26	2.0
27	2.0
28	2.0
29	2.0
30	2.0
31	2.0
32	2.0
35	2.0
37	2.0
38	2.0
39	2.0
41	2.0
42	2.0
43	2.0
45	2.0
46	2.0
47	2.0
48	2.0
49	2.0
52	2.0
53	2.0
54	2.0
55	2.0
56	2.0
58	2.0
59	2.0
60	2.0
61	2.0
62	2.0
66	2.0
67	2.0
68	2.0
69	2.0
70	2.0
71	2.0
72	2.0
73	2.0
74	2.0
76	2.0
77	2.0
78	2.0
79	2.0
80	2.0
82	2.0
83	2.0
85	2.0
86	2.0
88	2.0
89	2.0
93	2.0
98	2.0
99	2.0
100	2.0
101	2.0
102	2.0
103	2.0
104	2.0
105	2.0
108	2.0
109	2.0
111	2.0
112	2.0
113	2.0
114	2.0
115	2.0
116	2.0
117	2.0
118	2.0
119	2.0
120	2.0
121	2.0
122	2.0
123	2.0
124	2.0
125	2.0
126	2.0
128	2.0
131	2.0
132	2.0
133	2.0
134	2.0
135	2.0
138	2.0
139	2.0
140	2.0
141	2.0
142	2.0
143	2.0
148	2.0
153	2.0
154	2.0
155	2.0
156	2.0
158	2.0
159	2.0
160	2.0
161	2.0
162	2.0
163	2.0
165	2.0
170	2.0
172	2.0
173	2.0
175	2.0
176	2.0
179	2.0
180	2.0
182	2.0
185	2.0
186	2.0
187	2.0
188	2.0
189	2.0
190	2.0
191	2.0
192	2.0
195	2.0
196	2.0
201	2.0
203	2.0
204	2.0
205	2.0
206	2.0
207	2.0
208	2.0
209	2.0
210	2.0
211	2.0
212	2.0
213	2.0
214	2.0
215	2.0
216	2.0
219	2.0
220	2.0
221	2.0
222	2.0
225	2.0
226	2.0
227	2.0
228	2.0
229	2.0
230	2.0
231	2.0
232	2.0
233	2.0
234	2.0
236	2.0
237	2.0
238	2.0
239	2.0
240	2.0
243	2.0
245	2.0
247	2.0
250	2.0
251	2.0
259	2.0
260	2.0
261	2.0
262	2.0
263	2.0
270	2.0
271	2.0
272	2.0
278	2.0
279	2.0
280	2.0
281	2.0
282	2.0
283	2.0
284	2.0
285	2.0
286	2.0
287	2.0
288	2.0
289	2.0
290	2.0
292	2.0
293	2.0
295	2.0
296	2.0
297	2.0
298	2.0
299	2.0
300	2.0
301	2.0
304	2.0
305	2.0
306	2.0
308	2.0
309	2.0
310	2.0
311	2.0
312	2.0
314	2.0
319	2.0
320	2.0
323	2.0
324	2.0
325	2.0
57	1.0
144	1.0
218	1.0
235	1.0
252	1.0
264	1.0
291	1.0
294	1.0
316	1.0
1	0.0
11	0.0
18	0.0
19	0.0
21	0.0
34	0.0
36	0.0
44	0.0
51	0.0
65	0.0
75	0.0
84	0.0
95	0.0
97	0.0
127	0.0
129	0.0
130	0.0
136	0.0
152	0.0
166	0.0
174	0.0
178	0.0
184	0.0
193	0.0
194	0.0
202	0.0
223	0.0
224	0.0
241	0.0
242	0.0
244	0.0
248	0.0
249	0.0
265	0.0
313	0.0
317	0.0
