Length
1	2	3	4	5	6	7	8	9	10	11	12	13	14
45	45	45	45	45	45	45	45	45	45	45	45	45	45

design
3	14	32	5	2	3	2	16	20	5	10	5	4	7
6	17	38	9	13	4	13	20	27	7	14	6	10	8
12	23	41	27	15	8	16	30	28	9	22	16	35	24
30	33	47	28	24	31	17	32	29	12	23	33	37	25
35	56	48	29	25	46	22	38	39	15	31	40	42	26
37	70	49	41	26	75	51	53	45	21	33	42	53	58
46	74	57	43	40	113	52	54	50	40	39	43	54	59
66	78	78	56	52	122	63	55	77	50	45	59	55	60
67	79	79	66	77	137	64	58	82	57	47	61	62	94
68	80	83	67	93	140	81	63	92	61	48	70	63	96
69	81	98	68	98	141	86	64	133	73	49	87	64	103
73	85	99	69	99	142	90	71	137	76	50	90	81	110
74	91	100	71	100	143	96	72	146	82	62	91	91	114
85	93	124	72	101	147	103	76	150	87	80	92	110	115
88	96	125	90	109	157	105	86	158	89	83	102	114	116
89	106	126	108	111	160	108	87	180	94	88	104	115	134
92	107	134	109	117	161	111	101	183	102	95	110	116	135
94	112	135	124	128	162	112	104	184	139	106	118	117	137
129	119	138	125	131	163	118	105	185	145	107	121	132	140
145	120	151	126	148	167	123	106	191	178	121	122	139	141
146	123	159	132	152	168	167	107	201	184	129	133	150	142
149	128	164	154	164	169	168	113	206	186	138	146	151	143
171	131	165	155	175	232	169	145	207	190	150	164	152	147
177	149	181	172	190	234	171	147	212	196	153	165	157	148
182	154	196	177	192	241	173	153	213	221	156	170	158	149
183	155	197	188	207	243	175	156	214	223	159	179	201	180
186	160	198	189	208	253	210	157	215	225	170	183	203	185
191	161	199	197	222	258	211	172	217	226	171	188	209	195
206	162	200	198	224	266	220	192	220	227	177	189	229	221
211	163	208	199	233	267	224	195	231	228	179	203	231	225
216	167	209	200	243	268	236	197	238	237	181	210	247	226
217	168	212	204	244	269	240	198	245	239	182	216	260	227
223	169	213	205	250	287	246	199	250	253	184	234	263	228
230	173	214	230	261	295	258	200	251	259	205	239	274	253
238	187	215	232	266	297	272	229	259	260	222	251	275	274
244	204	217	262	267	298	288	233	264	270	223	270	276	275
246	219	219	264	268	299	292	241	272	271	236	273	279	276
247	242	237	266	269	300	297	249	273	278	240	280	282	302
249	245	282	267	271	301	298	262	278	291	250	289	283	306
285	246	283	268	281	302	299	277	280	292	252	293	286	311
288	263	286	269	303	304	300	279	290	295	258	294	303	312
290	273	309	281	318	305	301	284	296	303	285	296	304	314
306	277	321	294	319	311	307	289	302	310	307	307	305	315
318	287	323	321	320	312	314	308	315	315	308	309	319	318
323	293	324	322	321	325	325	316	324	322	316	310	320	322

expected score
1.0	0.521

2.0	0.487

3.0	0.587

4.0	0.609

5.0	0.507

6.0	0.546

7.0	0.532

8.0	0.555

9.0	0.535

10.0	0.508

11.0	0.518

12.0	0.56

13.0	0.589

14.0	0.562

Categorical variables
UNIT
S042049	0	0	0	1	0	0	0	0	0	1	0	1	0	0
S042222	0	0	0	0	3	0	0	0	0	0	0	0	0	3
S042228	0	0	0	3	0	0	0	0	3	0	0	0	0	0
S042300	2	0	0	0	0	0	0	0	0	0	0	0	2	0
S052015	0	0	3	0	0	0	0	0	0	0	3	0	0	0
S052043	0	0	0	0	0	0	0	3	0	0	0	0	3	0
S052085	0	0	0	0	0	0	2	2	0	0	0	0	2	0
S052092	4	0	0	4	0	0	0	0	0	0	0	0	0	0
S052095	0	0	0	2	0	0	0	2	0	0	0	0	0	0
S052112	0	2	2	0	0	0	0	0	0	0	0	0	0	0
S052243	0	0	3	0	3	0	0	0	0	0	0	0	0	0
S052263	0	2	0	0	0	0	0	2	0	0	2	0	0	0
S052289	0	0	0	0	0	0	0	0	0	0	0	0	3	3
S052303	0	2	0	0	0	0	0	0	0	0	0	0	0	0
S062010	0	0	3	3	0	0	0	0	0	0	0	0	0	0
S062018	0	2	0	0	2	0	0	0	0	0	0	0	0	0
S062022	0	0	0	1	0	0	0	0	0	0	0	0	1	0
S062024	0	0	2	0	0	0	0	0	0	0	0	0	0	2
S062042	0	0	0	0	0	4	0	0	0	0	0	0	0	4
S062091	0	2	0	2	0	0	0	0	0	0	0	0	0	0
S062101	0	4	0	0	0	4	0	0	0	0	0	0	0	0
S062116	0	3	0	0	0	3	3	0	0	0	0	0	0	0
S062189	0	0	0	2	0	0	0	0	0	0	0	2	0	0
S062243	0	0	4	4	0	0	0	4	0	0	0	0	0	0
S072000	0	0	4	0	0	0	0	0	4	0	0	0	0	0
S072033	0	0	0	0	0	0	0	0	0	4	0	0	0	4
S072143	0	0	0	0	0	0	0	0	0	0	0	0	0	0
S072232	0	0	0	4	4	4	0	0	0	0	0	0	0	0
S072260	0	0	0	0	0	0	0	0	0	0	0	0	3	3
S072265	0	0	3	0	0	0	0	0	0	0	0	0	3	0
S072345	0	0	0	0	0	5	5	0	0	0	0	0	0	0
S072403	0	0	0	0	0	2	0	0	0	0	0	0	0	2
S072900	0	0	0	0	2	0	0	0	0	0	0	0	2	0
S072905	1	0	1	0	0	0	0	0	0	0	0	0	0	0

Content_Domain
Biology	15	15	15	15	15	15	16	15	15	16	16	15	15	15
Chemistry	9	9	9	9	9	9	9	9	9	9	9	9	9	9
Physics	11	13	11	12	12	11	10	11	11	11	12	12	12	11
Earth_Science	10	8	10	9	9	10	10	10	10	9	8	9	9	10

Cognitive_Domain
Applying	16	15	16	15	16	16	16	16	15	16	15	16	16	16
Knowing	16	15	16	15	15	15	15	15	16	16	16	15	15	15
Reasoning	13	15	13	15	14	14	14	14	14	13	14	14	14	14

Item_Type
MC	30	30	31	30	30	30	30	30	30	30	30	30	30	30
CR	15	15	14	15	15	15	15	15	15	15	15	15	15	15

New_Cycle
0	13	12	3	12	10	4	10	13	8	12	9	12	12	11
1	26	30	41	30	34	40	34	28	33	32	34	29	32	33

Topic

Biology_Knowing
0	38	41	40	40	40	37	40	41	40	39	39	40	42	36
1	7	4	5	5	5	8	5	4	5	6	6	5	3	9

Biology_Applying
1	5	5	7	7	6	3	5	6	6	4	4	6	6	3
0	40	40	38	38	39	42	40	39	39	41	41	39	39	42

Biology_Reasoning
0	42	39	42	42	41	41	39	40	41	39	39	41	39	42
1	3	6	3	3	4	4	6	5	4	6	6	4	6	3

Chemistry_Knowing
0	41	41	42	42	42	42	42	42	42	42	42	41	41	42
1	4	4	3	3	3	3	3	3	3	3	3	4	4	3

Chemistry_Applying
0	42	42	41	42	41	42	42	41	42	42	42	42	42	42
1	3	3	4	3	4	3	3	4	3	3	3	3	3	3

Chemistry_Reasoning
0	43	43	43	42	43	42	42	43	42	42	42	43	43	42
1	2	2	2	3	2	3	3	2	3	3	3	2	2	3

Physics_Knowing
0	44	41	40	41	43	44	41	40	41	43	42	43	41	45
1	1	4	5	4	2	1	4	5	4	2	3	2	4	0

Physics_Applying
0	41	41	42	42	41	40	42	42	42	38	39	41	41	40
1	4	4	3	3	4	5	3	3	3	7	6	4	4	5

Physics_Reasoning
0	39	40	42	40	39	40	42	42	41	43	42	39	41	39
1	6	5	3	5	6	5	3	3	4	2	3	6	4	6

Earth_Knowing
0	41	42	42	42	40	42	42	42	41	40	41	41	41	42
1	4	3	3	3	5	3	3	3	4	5	4	4	4	3

Earth_Applying
0	41	42	43	43	43	40	40	42	42	43	43	42	42	40
1	4	3	2	2	2	5	5	3	3	2	2	3	3	5

Earth_Reasoning
0	43	43	40	41	43	43	43	41	42	43	43	43	43	43
1	2	2	5	4	2	2	2	4	3	2	2	2	2	2

Sum variables

Overlap matrix
	1	2	3	4	5	6	7	8	9	10	11	12	13	14
1	45	4	2	6	2	2	4	3	8	7	7	5	3	4
2	4	45	3	4	3	8	10	3	2	0	6	5	3	2
3	2	3	45	9	6	0	0	6	6	3	7	3	5	2
4	6	4	9	45	7	5	2	8	4	3	2	6	1	1
5	2	3	6	7	45	5	6	3	3	5	2	2	5	5
6	2	8	0	5	5	45	10	4	2	2	2	2	4	11
7	4	10	0	2	6	10	45	5	2	1	6	5	3	3
8	3	3	6	8	3	4	5	45	1	3	6	4	8	3
9	8	2	6	4	3	2	2	1	45	6	6	8	4	5
10	7	0	3	3	5	2	1	3	6	45	3	8	3	10
11	7	6	7	2	2	2	6	6	6	3	45	5	3	0
12	5	5	3	6	2	2	5	4	8	8	5	45	4	2
13	3	3	5	1	5	4	3	8	4	3	3	4	45	7
14	4	2	2	1	5	11	3	3	5	10	0	2	7	45

Item use
5	3.0
16	3.0
33	3.0
40	3.0
50	3.0
63	3.0
64	3.0
81	3.0
87	3.0
90	3.0
91	3.0
92	3.0
94	3.0
96	3.0
106	3.0
107	3.0
110	3.0
137	3.0
145	3.0
146	3.0
147	3.0
149	3.0
150	3.0
157	3.0
164	3.0
167	3.0
168	3.0
169	3.0
171	3.0
177	3.0
183	3.0
184	3.0
197	3.0
198	3.0
199	3.0
200	3.0
217	3.0
223	3.0
246	3.0
250	3.0
253	3.0
258	3.0
266	3.0
267	3.0
268	3.0
269	3.0
273	3.0
302	3.0
303	3.0
307	3.0
315	3.0
318	3.0
321	3.0
322	3.0
2	2.0
3	2.0
4	2.0
6	2.0
7	2.0
8	2.0
9	2.0
10	2.0
12	2.0
13	2.0
14	2.0
15	2.0
17	2.0
20	2.0
22	2.0
23	2.0
24	2.0
25	2.0
26	2.0
27	2.0
28	2.0
29	2.0
30	2.0
31	2.0
32	2.0
35	2.0
37	2.0
38	2.0
39	2.0
41	2.0
42	2.0
43	2.0
45	2.0
46	2.0
47	2.0
48	2.0
49	2.0
52	2.0
53	2.0
54	2.0
55	2.0
56	2.0
57	2.0
58	2.0
59	2.0
61	2.0
62	2.0
66	2.0
67	2.0
68	2.0
69	2.0
70	2.0
71	2.0
72	2.0
73	2.0
74	2.0
76	2.0
77	2.0
78	2.0
79	2.0
80	2.0
82	2.0
83	2.0
85	2.0
86	2.0
88	2.0
89	2.0
93	2.0
98	2.0
99	2.0
100	2.0
101	2.0
102	2.0
103	2.0
104	2.0
105	2.0
108	2.0
109	2.0
111	2.0
112	2.0
113	2.0
114	2.0
115	2.0
116	2.0
117	2.0
118	2.0
121	2.0
122	2.0
123	2.0
124	2.0
125	2.0
126	2.0
128	2.0
129	2.0
131	2.0
132	2.0
133	2.0
134	2.0
135	2.0
138	2.0
139	2.0
140	2.0
141	2.0
142	2.0
143	2.0
148	2.0
151	2.0
152	2.0
153	2.0
154	2.0
155	2.0
156	2.0
158	2.0
159	2.0
160	2.0
161	2.0
162	2.0
163	2.0
165	2.0
170	2.0
172	2.0
173	2.0
175	2.0
179	2.0
180	2.0
181	2.0
182	2.0
185	2.0
186	2.0
188	2.0
189	2.0
190	2.0
191	2.0
192	2.0
195	2.0
196	2.0
201	2.0
203	2.0
204	2.0
205	2.0
206	2.0
207	2.0
208	2.0
209	2.0
210	2.0
211	2.0
212	2.0
213	2.0
214	2.0
215	2.0
216	2.0
219	2.0
220	2.0
221	2.0
222	2.0
224	2.0
225	2.0
226	2.0
227	2.0
228	2.0
229	2.0
230	2.0
231	2.0
232	2.0
233	2.0
234	2.0
236	2.0
237	2.0
238	2.0
239	2.0
240	2.0
241	2.0
243	2.0
244	2.0
245	2.0
247	2.0
249	2.0
251	2.0
259	2.0
260	2.0
262	2.0
263	2.0
264	2.0
270	2.0
271	2.0
272	2.0
274	2.0
275	2.0
276	2.0
277	2.0
278	2.0
279	2.0
280	2.0
281	2.0
282	2.0
283	2.0
285	2.0
286	2.0
287	2.0
288	2.0
289	2.0
290	2.0
292	2.0
293	2.0
294	2.0
295	2.0
296	2.0
297	2.0
298	2.0
299	2.0
300	2.0
301	2.0
304	2.0
305	2.0
306	2.0
308	2.0
309	2.0
310	2.0
311	2.0
312	2.0
314	2.0
316	2.0
319	2.0
320	2.0
323	2.0
324	2.0
325	2.0
21	1.0
51	1.0
60	1.0
75	1.0
95	1.0
119	1.0
120	1.0
178	1.0
187	1.0
242	1.0
252	1.0
261	1.0
284	1.0
291	1.0
1	0.0
11	0.0
18	0.0
19	0.0
34	0.0
36	0.0
44	0.0
65	0.0
84	0.0
97	0.0
127	0.0
130	0.0
136	0.0
144	0.0
166	0.0
174	0.0
176	0.0
193	0.0
194	0.0
202	0.0
218	0.0
235	0.0
248	0.0
254	0.0
255	0.0
256	0.0
257	0.0
265	0.0
313	0.0
317	0.0
