Length
1	2	3	4	5	6	7	8	9	10	11	12	13	14
45	45	45	45	45	45	45	45	45	45	45	45	45	45

design
5	3	3	5	2	15	14	8	8	13	13	7	2	4
10	12	5	20	4	38	16	9	33	31	22	24	19	32
22	16	15	27	7	50	23	14	40	33	41	25	24	50
30	17	38	28	9	53	43	16	59	39	52	26	25	73
33	20	45	29	10	54	50	17	74	43	58	42	26	81
35	23	47	47	35	55	70	21	77	57	59	51	27	90
37	30	48	48	37	58	77	40	98	61	76	56	28	108
46	39	49	49	60	66	86	41	99	63	83	62	29	140
61	45	57	62	63	67	102	42	100	64	101	70	31	141
86	46	66	63	64	68	113	57	121	81	104	74	32	142
88	76	67	64	90	69	122	82	123	91	106	87	40	143
89	81	68	71	92	71	128	103	124	92	107	90	52	146
92	82	69	72	94	72	131	105	125	103	123	91	53	147
94	83	73	78	97	78	133	108	126	137	145	96	54	153
110	87	85	79	117	79	147	128	146	147	149	101	55	156
112	88	87	80	139	80	148	131	149	148	173	104	93	167
119	89	96	106	144	85	149	137	154	151	192	109	96	168
120	91	106	107	158	110	150	145	155	159	195	138	110	169
133	93	107	111	159	117	154	160	157	176	205	146	114	177
138	94	113	114	164	121	155	161	167	178	206	160	115	195
150	102	122	115	171	137	170	162	168	190	216	161	116	204
157	105	134	116	175	166	171	163	169	205	220	162	118	207
165	109	135	124	188	191	197	175	171	207	230	163	132	209
172	111	139	125	189	211	198	181	172	208	233	170	151	224
183	112	140	126	203	219	199	197	173	217	237	177	156	225
188	118	141	150	204	230	200	198	183	225	243	179	158	226
189	119	142	153	217	232	210	199	190	226	250	180	165	227
201	120	143	164	221	251	218	200	209	227	253	182	177	228
208	164	151	176	237	252	233	217	212	228	258	183	180	229
211	167	157	179	245	259	234	231	213	229	259	185	197	253
220	168	186	185	254	260	238	241	214	231	266	216	198	254
221	169	196	191	255	266	247	243	215	236	267	234	199	255
224	182	212	210	256	267	253	249	218	244	268	240	200	256
236	186	213	222	257	268	260	261	251	252	269	244	203	257
241	192	214	238	263	269	261	272	272	262	277	246	263	258
254	196	215	262	280	274	270	290	278	277	284	250	264	279
255	201	222	266	292	275	274	293	285	282	288	258	271	280
256	206	246	267	297	276	275	294	287	283	290	273	273	281
257	219	247	268	298	282	276	302	291	286	293	285	278	289
271	223	274	269	299	283	284	303	296	294	309	289	279	295
288	240	275	270	300	286	305	311	304	302	315	296	309	297
295	246	276	281	301	288	307	312	305	308	316	303	310	298
307	250	277	287	302	310	311	314	307	315	322	306	319	299
308	291	292	304	306	318	312	319	315	317	323	318	320	300
316	303	318	321	314	322	317	320	324	323	324	321	322	301

expected score
1.0	0.56

2.0	0.497

3.0	0.589

4.0	0.605

5.0	0.545

6.0	0.629

7.0	0.546

8.0	0.477

9.0	0.558

10.0	0.529

11.0	0.547

12.0	0.508

13.0	0.561

14.0	0.551

Categorical variables
UNIT
S042049	1	0	1	1	0	0	0	0	0	0	0	0	0	0
S042222	0	0	0	0	0	0	0	0	0	0	0	3	3	0
S042228	0	0	0	3	0	0	0	0	0	0	0	0	3	0
S042300	2	0	0	0	2	0	0	0	0	0	0	0	0	0
S052015	0	0	3	3	0	0	0	0	0	0	0	0	0	0
S052043	0	0	0	0	0	3	0	0	0	0	0	0	3	0
S052085	0	0	0	2	2	0	0	0	0	2	0	0	0	0
S052092	0	0	4	0	0	4	0	0	0	0	0	0	0	0
S052095	0	0	0	2	0	2	0	0	0	0	0	0	0	0
S052112	0	0	0	2	0	2	0	0	0	0	0	0	0	0
S052243	0	0	0	0	0	0	0	0	3	0	0	0	0	0
S052263	0	0	2	2	0	0	0	0	0	0	2	0	0	0
S052289	0	0	0	3	0	0	0	0	0	0	0	0	3	0
S052303	2	2	0	0	0	0	0	0	0	0	0	0	0	0
S062010	0	0	0	3	0	0	0	0	3	0	0	0	0	0
S062018	0	0	0	0	0	0	2	2	0	0	0	0	0	0
S062022	0	0	0	0	0	0	0	0	0	0	0	0	1	0
S062024	0	0	2	0	0	0	0	0	0	0	0	0	0	0
S062042	0	0	4	0	0	0	0	0	0	0	0	0	0	4
S062091	0	0	0	0	0	0	2	0	2	0	0	0	0	0
S062101	0	0	0	0	0	0	0	4	0	0	0	4	0	0
S062116	0	3	0	0	0	0	0	0	3	0	0	0	0	3
S062189	2	0	0	0	2	0	0	0	0	0	0	0	0	0
S062243	0	0	0	0	0	0	4	4	0	0	0	0	4	0
S072000	0	0	4	0	0	0	0	0	4	0	0	0	0	0
S072033	0	0	0	0	0	0	0	0	0	4	0	0	0	4
S072143	4	0	0	0	4	0	0	0	0	0	0	0	0	4
S072232	0	0	0	4	0	4	0	0	0	0	4	0	0	0
S072260	0	0	3	0	0	3	3	0	0	0	0	0	0	0
S072265	0	0	0	0	0	3	0	0	0	3	0	0	0	0
S072345	0	0	0	0	5	0	0	0	0	0	0	0	0	5
S072403	0	0	0	0	0	0	2	2	0	0	0	0	0	0
S072900	0	0	0	0	0	0	0	2	0	0	0	0	2	0
S072905	0	0	0	0	0	0	0	0	0	1	1	0	0	0

Content_Domain
Biology	16	15	15	16	15	15	16	15	16	16	15	16	15	15
Chemistry	9	9	9	9	9	9	9	9	9	9	9	9	9	9
Physics	11	11	13	11	11	13	10	12	12	12	13	12	12	12
Earth_Science	9	10	8	9	10	8	10	9	8	8	8	8	9	9

Cognitive_Domain
Applying	15	16	16	15	16	15	15	15	16	15	15	15	16	15
Knowing	15	15	15	15	15	15	15	16	15	15	15	16	15	15
Reasoning	15	14	14	15	14	15	15	14	14	15	15	14	14	15

Item_Type
MC	30	30	30	31	31	30	30	30	30	30	30	30	30	30
CR	15	15	15	14	14	15	15	15	15	15	15	15	15	15

New_Cycle
0	13	16	14	11	9	10	5	12	5	9	8	10	17	4
1	29	28	30	33	33	33	37	32	37	35	34	33	24	38

Topic

Biology_Knowing
0	41	41	38	40	40	40	40	38	43	39	39	37	39	38
1	4	4	7	5	5	5	5	7	2	6	6	8	6	7

Biology_Applying
1	7	5	4	3	5	7	8	5	7	6	5	7	5	4
0	38	40	41	42	40	38	37	40	38	39	40	38	40	41

Biology_Reasoning
0	40	39	41	37	40	42	42	42	38	41	41	44	41	41
1	5	6	4	8	5	3	3	3	7	4	4	1	4	4

Chemistry_Knowing
0	42	41	43	42	42	42	40	40	39	44	43	42	43	45
1	3	4	2	3	3	3	5	5	6	1	2	3	2	0

Chemistry_Applying
0	43	43	42	41	44	40	44	42	43	41	42	44	41	44
1	2	2	3	4	1	5	1	3	2	4	3	1	4	1

Chemistry_Reasoning
0	41	42	41	43	40	44	42	44	44	41	41	40	42	37
1	4	3	4	2	5	1	3	1	1	4	4	5	3	8

Physics_Knowing
0	43	42	44	41	41	42	43	43	41	40	43	42	40	40
1	2	3	1	4	4	3	2	2	4	5	2	3	5	5

Physics_Applying
0	40	40	38	42	41	44	41	39	41	43	41	41	41	40
1	5	5	7	3	4	1	4	6	4	2	4	4	4	5

Physics_Reasoning
0	41	42	40	41	42	36	41	41	41	40	38	40	42	43
1	4	3	5	4	3	9	4	4	4	5	7	5	3	2

Earth_Knowing
0	39	41	40	42	42	41	42	43	42	42	40	43	43	42
1	6	4	5	3	3	4	3	2	3	3	5	2	2	3

Earth_Applying
0	44	41	43	40	39	43	43	44	42	42	42	42	42	40
1	1	4	2	5	6	2	2	1	3	3	3	3	3	5

Earth_Reasoning
0	43	43	44	44	44	43	40	39	43	43	45	42	41	44
1	2	2	1	1	1	2	5	6	2	2	0	3	4	1

Sum variables

Overlap matrix
	1	2	3	4	5	6	7	8	9	10	11	12	13	14
1	45	9	2	2	12	3	4	1	5	6	4	2	3	6
2	9	45	6	3	2	1	3	5	4	3	5	8	2	4
3	2	6	45	7	2	11	6	1	5	3	3	4	2	5
4	2	3	7	45	3	10	4	0	5	4	6	4	6	2
5	12	2	2	3	45	1	1	5	1	6	1	3	4	13
6	3	1	11	10	1	45	5	1	2	5	9	1	6	1
7	4	3	6	4	1	5	45	11	8	4	4	3	4	3
8	1	5	1	0	5	1	11	45	3	7	5	6	7	1
9	5	4	5	5	1	2	8	3	45	3	6	5	2	5
10	6	3	3	4	6	5	4	7	3	45	5	2	2	8
11	4	5	3	6	1	9	4	5	6	5	45	5	3	3
12	2	8	4	4	3	1	3	6	5	2	5	45	7	5
13	3	2	2	6	4	6	4	7	2	2	3	7	45	4
14	6	4	5	2	13	1	3	1	5	8	3	5	4	45

Item use
5	3.0
16	3.0
33	3.0
40	3.0
50	3.0
57	3.0
63	3.0
64	3.0
81	3.0
87	3.0
90	3.0
91	3.0
92	3.0
94	3.0
96	3.0
106	3.0
107	3.0
110	3.0
137	3.0
146	3.0
147	3.0
149	3.0
150	3.0
151	3.0
157	3.0
164	3.0
167	3.0
168	3.0
169	3.0
171	3.0
177	3.0
183	3.0
197	3.0
198	3.0
199	3.0
200	3.0
217	3.0
246	3.0
250	3.0
253	3.0
254	3.0
255	3.0
256	3.0
257	3.0
258	3.0
266	3.0
267	3.0
268	3.0
269	3.0
274	3.0
275	3.0
276	3.0
277	3.0
288	3.0
302	3.0
303	3.0
307	3.0
315	3.0
318	3.0
322	3.0
2	2.0
3	2.0
4	2.0
7	2.0
8	2.0
9	2.0
10	2.0
13	2.0
14	2.0
15	2.0
17	2.0
20	2.0
22	2.0
23	2.0
24	2.0
25	2.0
26	2.0
27	2.0
28	2.0
29	2.0
30	2.0
31	2.0
32	2.0
35	2.0
37	2.0
38	2.0
39	2.0
41	2.0
42	2.0
43	2.0
45	2.0
46	2.0
47	2.0
48	2.0
49	2.0
52	2.0
53	2.0
54	2.0
55	2.0
58	2.0
59	2.0
61	2.0
62	2.0
66	2.0
67	2.0
68	2.0
69	2.0
70	2.0
71	2.0
72	2.0
73	2.0
74	2.0
76	2.0
77	2.0
78	2.0
79	2.0
80	2.0
82	2.0
83	2.0
85	2.0
86	2.0
88	2.0
89	2.0
93	2.0
101	2.0
102	2.0
103	2.0
104	2.0
105	2.0
108	2.0
109	2.0
111	2.0
112	2.0
113	2.0
114	2.0
115	2.0
116	2.0
117	2.0
118	2.0
119	2.0
120	2.0
121	2.0
122	2.0
123	2.0
124	2.0
125	2.0
126	2.0
128	2.0
131	2.0
133	2.0
138	2.0
139	2.0
140	2.0
141	2.0
142	2.0
143	2.0
145	2.0
148	2.0
153	2.0
154	2.0
155	2.0
156	2.0
158	2.0
159	2.0
160	2.0
161	2.0
162	2.0
163	2.0
165	2.0
170	2.0
172	2.0
173	2.0
175	2.0
176	2.0
179	2.0
180	2.0
182	2.0
185	2.0
186	2.0
188	2.0
189	2.0
190	2.0
191	2.0
192	2.0
195	2.0
196	2.0
201	2.0
203	2.0
204	2.0
205	2.0
206	2.0
207	2.0
208	2.0
209	2.0
210	2.0
211	2.0
212	2.0
213	2.0
214	2.0
215	2.0
216	2.0
218	2.0
219	2.0
220	2.0
221	2.0
222	2.0
224	2.0
225	2.0
226	2.0
227	2.0
228	2.0
229	2.0
230	2.0
231	2.0
233	2.0
234	2.0
236	2.0
237	2.0
238	2.0
240	2.0
241	2.0
243	2.0
244	2.0
247	2.0
251	2.0
252	2.0
259	2.0
260	2.0
261	2.0
262	2.0
263	2.0
270	2.0
271	2.0
272	2.0
273	2.0
278	2.0
279	2.0
280	2.0
281	2.0
282	2.0
283	2.0
284	2.0
285	2.0
286	2.0
287	2.0
289	2.0
290	2.0
291	2.0
292	2.0
293	2.0
294	2.0
295	2.0
296	2.0
297	2.0
298	2.0
299	2.0
300	2.0
301	2.0
304	2.0
305	2.0
306	2.0
308	2.0
309	2.0
310	2.0
311	2.0
312	2.0
314	2.0
316	2.0
317	2.0
319	2.0
320	2.0
321	2.0
323	2.0
324	2.0
12	1.0
19	1.0
21	1.0
51	1.0
56	1.0
60	1.0
97	1.0
98	1.0
99	1.0
100	1.0
132	1.0
134	1.0
135	1.0
144	1.0
166	1.0
178	1.0
181	1.0
223	1.0
232	1.0
245	1.0
249	1.0
264	1.0
1	0.0
6	0.0
11	0.0
18	0.0
34	0.0
36	0.0
44	0.0
65	0.0
75	0.0
84	0.0
95	0.0
127	0.0
129	0.0
130	0.0
136	0.0
152	0.0
174	0.0
184	0.0
187	0.0
193	0.0
194	0.0
202	0.0
235	0.0
239	0.0
242	0.0
248	0.0
265	0.0
313	0.0
325	0.0
