Length
1	2	3	4	5	6	7	8	9	10	11	12	13	14
45	45	45	45	45	45	45	45	45	45	45	45	45	45

design
5	7	5	6	8	3	5	1	3	6	2	2	17	9
20	15	14	22	13	10	13	9	4	12	4	8	20	41
27	16	17	46	16	53	35	10	7	23	15	23	21	46
28	30	24	50	39	54	37	14	12	31	22	24	38	57
29	53	25	52	47	55	42	16	31	35	32	25	56	70
30	54	26	66	48	66	43	21	32	37	39	26	57	71
33	55	40	67	49	67	45	33	33	38	41	40	73	72
61	59	58	68	50	68	51	50	40	59	58	43	74	78
82	70	62	69	60	69	52	57	42	63	71	47	106	79
83	77	81	80	73	88	62	96	45	64	72	48	107	80
85	83	87	81	76	90	63	98	61	81	84	49	110	82
87	89	91	86	77	106	64	99	90	91	108	63	118	96
88	93	102	90	87	107	78	100	94	92	123	64	119	103
94	96	124	111	92	109	79	102	103	94	130	74	120	109
112	101	125	113	101	119	85	104	132	105	134	91	128	111
123	104	126	114	110	120	86	106	133	114	135	98	131	117
133	134	137	115	139	122	89	107	138	115	149	99	151	121
146	135	145	116	148	124	93	112	145	116	154	100	159	128
157	137	148	121	153	125	105	113	149	139	155	110	165	131
158	138	157	127	157	126	108	117	156	150	170	118	195	140
164	147	167	137	160	159	129	165	158	151	182	122	197	141
170	149	168	140	161	179	145	190	171	177	183	129	198	142
173	150	169	141	162	184	147	192	173	184	203	132	199	143
177	154	171	142	163	185	150	197	184	224	217	146	200	146
183	155	194	143	172	196	152	198	192	225	219	151	204	153
185	167	195	147	175	229	156	199	216	226	234	160	205	167
190	168	204	164	180	233	164	200	220	227	239	161	207	168
217	169	205	183	181	245	171	206	231	228	250	162	212	169
219	172	211	191	191	250	181	207	232	237	259	163	213	180
221	175	242	196	231	263	188	208	234	243	262	177	214	188
222	181	247	212	237	266	189	209	238	244	266	179	215	189
230	186	258	213	246	267	201	210	240	249	267	182	221	197
233	201	270	214	247	268	238	211	250	252	268	186	223	198
236	210	272	215	248	269	239	220	260	253	269	203	224	199
244	217	284	243	273	273	245	230	261	261	271	216	229	200
251	225	287	258	278	277	251	246	274	262	274	222	236	209
259	226	297	266	289	297	252	249	275	273	275	232	240	258
263	227	298	267	291	298	279	253	276	282	276	253	242	260
271	228	299	268	306	299	280	280	277	283	289	277	272	282
284	246	300	269	307	300	292	281	295	286	302	279	274	283
285	288	301	278	308	301	296	285	303	293	306	281	275	286
294	290	303	311	315	304	302	290	304	295	309	288	276	309
296	303	305	312	318	314	316	314	308	310	310	293	292	319
302	307	311	319	322	318	321	317	315	316	321	307	294	320
315	323	312	320	324	324	325	323	325	321	322	318	305	322

expected score
1.0	0.533

2.0	0.524

3.0	0.551

4.0	0.566

5.0	0.543

6.0	0.573

7.0	0.495

8.0	0.557

9.0	0.531

10.0	0.549

11.0	0.561

12.0	0.547

13.0	0.552

14.0	0.579

Categorical variables
UNIT
S042049	1	0	1	0	0	0	1	0	0	0	0	0	0	0
S042222	0	0	3	0	0	0	0	0	0	0	0	3	0	0
S042228	3	0	0	0	0	0	0	0	0	0	0	0	0	0
S042300	0	0	0	0	0	0	2	0	0	2	0	0	0	0
S052015	0	0	0	0	3	0	0	0	0	0	0	3	0	0
S052043	0	3	0	0	0	3	0	0	0	0	0	0	0	0
S052085	0	0	0	0	0	0	2	0	0	2	0	2	0	0
S052092	0	0	0	4	0	4	0	0	0	0	0	0	0	0
S052095	0	0	0	0	0	0	0	0	0	0	2	0	0	2
S052112	0	0	0	0	0	0	2	0	0	0	0	0	0	2
S052243	0	0	0	0	0	0	0	3	0	0	0	3	0	0
S052263	0	0	0	0	0	2	0	2	0	0	0	0	2	0
S052289	0	0	0	3	0	0	0	0	0	3	0	0	0	0
S052303	0	0	0	0	0	2	0	0	0	0	0	0	2	0
S062010	0	0	3	0	0	3	0	0	0	0	0	0	0	0
S062018	0	0	0	0	0	0	0	0	0	0	0	0	2	2
S062022	0	0	0	0	0	0	0	0	1	0	0	1	0	0
S062024	0	2	0	0	0	0	0	0	0	0	2	0	0	0
S062042	0	0	0	4	0	0	0	0	0	0	0	0	0	4
S062091	0	2	0	0	0	0	0	0	0	0	2	0	0	0
S062101	0	0	0	0	4	0	0	0	0	0	0	4	0	0
S062116	0	3	3	0	0	0	0	0	0	0	0	0	0	3
S062189	0	0	0	0	0	0	2	0	0	0	0	0	0	2
S062243	0	0	0	0	0	0	0	4	0	0	0	0	4	4
S072000	0	0	0	4	0	0	0	0	0	0	0	0	4	0
S072033	0	4	0	0	0	0	0	0	0	4	0	0	0	0
S072143	0	0	0	0	0	0	0	0	0	0	0	0	0	0
S072232	0	0	0	4	0	4	0	0	0	0	4	0	0	0
S072260	0	0	0	0	0	0	0	0	3	0	3	0	3	0
S072265	0	0	0	0	0	0	0	0	0	3	0	0	0	3
S072345	0	0	5	0	0	5	0	0	0	0	0	0	0	0
S072403	0	0	2	2	0	0	0	0	0	0	0	0	0	0
S072900	0	0	0	2	0	0	0	0	0	0	0	0	0	2
S072905	0	1	0	0	0	0	0	1	0	0	0	0	0	0

Content_Domain
Biology	15	16	16	15	15	15	16	15	16	16	15	15	16	15
Chemistry	9	9	9	9	9	9	9	9	9	9	9	9	9	9
Physics	13	12	10	11	11	11	11	12	12	12	12	13	10	11
Earth_Science	8	8	10	10	10	10	9	9	8	8	9	8	10	10

Cognitive_Domain
Applying	16	15	16	16	16	16	15	15	15	16	16	15	16	16
Knowing	15	15	15	16	16	16	16	15	15	15	15	15	15	15
Reasoning	14	15	14	13	13	13	14	15	15	14	14	15	14	14

Item_Type
MC	30	30	30	30	31	30	30	30	30	30	31	30	30	31
CR	15	15	15	15	14	15	15	15	15	15	14	15	15	14

New_Cycle
0	12	13	9	9	9	13	9	12	11	12	8	9	9	6
1	30	32	34	33	33	30	33	28	32	30	34	32	35	38

Topic

Biology_Knowing
0	40	39	42	38	38	36	41	39	38	40	41	39	42	40
1	5	6	3	7	7	9	4	6	7	5	4	6	3	5

Biology_Applying
1	5	5	6	5	3	3	5	6	6	7	8	5	8	5
0	40	40	39	40	42	42	40	39	39	38	37	40	37	40

Biology_Reasoning
0	40	40	38	42	40	42	38	42	42	41	42	41	40	40
1	5	5	7	3	5	3	7	3	3	4	3	4	5	5

Chemistry_Knowing
0	42	42	41	42	42	41	42	42	42	42	41	41	41	41
1	3	3	4	3	3	4	3	3	3	3	4	4	4	4

Chemistry_Applying
0	42	42	42	42	41	42	42	42	42	42	42	42	42	42
1	3	3	3	3	4	3	3	3	3	3	3	3	3	3

Chemistry_Reasoning
0	42	42	43	42	43	43	42	42	42	42	43	43	43	43
1	3	3	2	3	2	2	3	3	3	3	2	2	2	2

Physics_Knowing
0	42	42	40	43	43	45	40	42	44	41	43	43	41	42
1	3	3	5	2	2	0	5	3	1	4	2	2	4	3

Physics_Applying
0	39	41	43	41	40	40	41	41	41	42	42	41	42	39
1	6	4	2	4	5	5	4	4	4	3	3	4	3	6

Physics_Reasoning
0	41	40	42	40	41	39	43	40	38	40	38	38	42	43
1	4	5	3	5	4	6	2	5	7	5	7	7	3	2

Earth_Knowing
0	41	42	42	41	41	42	41	42	41	42	40	42	41	42
1	4	3	3	4	4	3	4	3	4	3	5	3	4	3

Earth_Applying
0	43	42	40	41	41	40	42	43	43	42	43	42	43	43
1	2	3	5	4	4	5	3	2	2	3	2	3	2	2

Earth_Reasoning
0	43	43	43	43	43	43	43	41	43	43	43	43	41	40
1	2	2	2	2	2	2	2	4	2	2	2	2	4	5

Sum variables

Overlap matrix
	1	2	3	4	5	6	7	8	9	10	11	12	13	14
1	45	3	4	2	3	4	6	5	7	3	8	3	4	2
2	3	45	5	2	8	3	6	7	4	6	7	3	0	5
3	4	5	45	5	4	8	4	3	4	2	1	5	7	4
4	2	2	5	45	3	10	4	2	1	6	6	0	4	11
5	3	8	4	3	45	3	2	3	3	4	4	11	2	3
6	4	3	8	10	3	45	1	4	6	2	5	4	6	1
7	6	6	4	4	2	1	45	1	7	9	4	5	1	4
8	5	7	3	2	3	4	1	45	3	2	0	5	10	9
9	7	4	4	1	3	6	7	3	45	6	8	5	4	2
10	3	6	2	6	4	2	9	2	6	45	3	8	3	3
11	8	7	1	6	4	5	4	0	8	3	45	3	3	5
12	3	3	5	0	11	4	5	5	5	8	3	45	4	1
13	4	0	7	4	2	6	1	10	4	3	3	4	45	7
14	2	5	4	11	3	1	4	9	2	3	5	1	7	45

Item use
5	3.0
16	3.0
33	3.0
40	3.0
50	3.0
57	3.0
63	3.0
64	3.0
81	3.0
87	3.0
90	3.0
91	3.0
94	3.0
96	3.0
106	3.0
107	3.0
110	3.0
137	3.0
145	3.0
146	3.0
147	3.0
149	3.0
150	3.0
151	3.0
157	3.0
164	3.0
167	3.0
168	3.0
169	3.0
171	3.0
177	3.0
181	3.0
183	3.0
184	3.0
197	3.0
198	3.0
199	3.0
200	3.0
217	3.0
246	3.0
250	3.0
253	3.0
258	3.0
266	3.0
267	3.0
268	3.0
269	3.0
273	3.0
274	3.0
275	3.0
276	3.0
277	3.0
302	3.0
303	3.0
307	3.0
315	3.0
318	3.0
321	3.0
322	3.0
2	2.0
3	2.0
4	2.0
6	2.0
7	2.0
8	2.0
9	2.0
10	2.0
12	2.0
13	2.0
14	2.0
15	2.0
17	2.0
20	2.0
21	2.0
22	2.0
23	2.0
24	2.0
25	2.0
26	2.0
30	2.0
31	2.0
32	2.0
35	2.0
37	2.0
38	2.0
39	2.0
41	2.0
42	2.0
43	2.0
45	2.0
46	2.0
47	2.0
48	2.0
49	2.0
52	2.0
53	2.0
54	2.0
55	2.0
58	2.0
59	2.0
61	2.0
62	2.0
66	2.0
67	2.0
68	2.0
69	2.0
70	2.0
71	2.0
72	2.0
73	2.0
74	2.0
77	2.0
78	2.0
79	2.0
80	2.0
82	2.0
83	2.0
85	2.0
86	2.0
88	2.0
89	2.0
92	2.0
93	2.0
98	2.0
99	2.0
100	2.0
101	2.0
102	2.0
103	2.0
104	2.0
105	2.0
108	2.0
109	2.0
111	2.0
112	2.0
113	2.0
114	2.0
115	2.0
116	2.0
117	2.0
118	2.0
119	2.0
120	2.0
121	2.0
122	2.0
123	2.0
124	2.0
125	2.0
126	2.0
128	2.0
129	2.0
131	2.0
132	2.0
133	2.0
134	2.0
135	2.0
138	2.0
139	2.0
140	2.0
141	2.0
142	2.0
143	2.0
148	2.0
153	2.0
154	2.0
155	2.0
156	2.0
158	2.0
159	2.0
160	2.0
161	2.0
162	2.0
163	2.0
165	2.0
170	2.0
172	2.0
173	2.0
175	2.0
179	2.0
180	2.0
182	2.0
185	2.0
186	2.0
188	2.0
189	2.0
190	2.0
191	2.0
192	2.0
195	2.0
196	2.0
201	2.0
203	2.0
204	2.0
205	2.0
207	2.0
209	2.0
210	2.0
211	2.0
212	2.0
213	2.0
214	2.0
215	2.0
216	2.0
219	2.0
220	2.0
221	2.0
222	2.0
224	2.0
225	2.0
226	2.0
227	2.0
228	2.0
229	2.0
230	2.0
231	2.0
232	2.0
233	2.0
234	2.0
236	2.0
237	2.0
238	2.0
239	2.0
240	2.0
242	2.0
243	2.0
244	2.0
245	2.0
247	2.0
249	2.0
251	2.0
252	2.0
259	2.0
260	2.0
261	2.0
262	2.0
263	2.0
271	2.0
272	2.0
278	2.0
279	2.0
280	2.0
281	2.0
282	2.0
283	2.0
284	2.0
285	2.0
286	2.0
288	2.0
289	2.0
290	2.0
292	2.0
293	2.0
294	2.0
295	2.0
296	2.0
297	2.0
298	2.0
299	2.0
300	2.0
301	2.0
304	2.0
305	2.0
306	2.0
308	2.0
309	2.0
310	2.0
311	2.0
312	2.0
314	2.0
316	2.0
319	2.0
320	2.0
323	2.0
324	2.0
325	2.0
1	1.0
27	1.0
28	1.0
29	1.0
51	1.0
56	1.0
60	1.0
76	1.0
84	1.0
127	1.0
130	1.0
152	1.0
194	1.0
206	1.0
208	1.0
223	1.0
248	1.0
270	1.0
287	1.0
291	1.0
317	1.0
11	0.0
18	0.0
19	0.0
34	0.0
36	0.0
44	0.0
65	0.0
75	0.0
95	0.0
97	0.0
136	0.0
144	0.0
166	0.0
174	0.0
176	0.0
178	0.0
187	0.0
193	0.0
202	0.0
218	0.0
235	0.0
241	0.0
254	0.0
255	0.0
256	0.0
257	0.0
264	0.0
265	0.0
313	0.0
