Length
1	2	3	4	5	6	7	8	9	10	11	12	13	14
45	45	45	45	45	45	45	45	45	45	45	45	45	45

design
7	7	2	5	3	13	3	4	2	5	11	6	8	9
10	15	6	9	4	17	10	8	11	11	15	35	16	27
12	19	12	16	5	24	13	14	17	31	45	37	23	28
14	39	38	22	31	25	20	16	30	33	57	63	33	29
20	43	46	24	40	26	22	42	40	40	61	64	43	94
21	58	50	25	41	30	32	47	45	41	62	66	50	104
23	103	63	26	44	35	33	48	52	80	71	67	53	106
27	117	64	38	47	37	50	49	74	83	72	68	54	107
28	144	90	56	48	39	52	78	77	87	82	69	55	136
29	148	124	60	49	42	53	79	92	91	98	96	66	140
32	151	125	78	73	77	54	81	109	102	99	98	67	141
46	153	126	79	88	92	55	88	112	109	100	99	68	142
61	154	137	86	93	94	57	91	113	110	101	100	69	143
62	155	149	87	108	96	58	96	118	123	102	133	70	145
73	159	153	90	114	101	59	121	137	128	103	136	71	149
80	167	156	91	115	105	63	160	139	131	106	149	72	183
85	168	167	104	116	108	64	161	159	134	107	152	74	185
89	169	168	106	118	110	76	162	170	135	122	160	76	186
94	172	169	107	119	111	81	163	171	146	134	161	81	191
105	179	177	112	120	123	83	167	175	147	135	162	82	196
113	181	192	114	124	129	86	168	181	150	138	163	85	202
129	186	196	115	125	145	89	169	197	171	148	165	87	204
132	188	212	116	126	150	90	173	198	187	152	175	92	211
145	189	213	121	133	151	93	182	199	211	158	179	111	216
146	192	214	122	137	164	110	190	200	225	164	180	117	222
150	194	215	140	138	170	119	206	208	226	173	181	132	225
157	203	216	141	154	195	120	208	212	227	188	183	139	226
165	204	231	142	155	197	128	217	213	228	189	195	147	227
171	210	234	143	197	198	131	223	214	237	207	203	151	228
177	221	240	156	198	199	146	230	215	239	217	207	157	241
190	223	263	157	199	200	158	232	229	242	219	217	183	245
209	236	264	164	200	201	177	234	243	247	223	244	185	261
219	246	274	191	221	206	180	237	246	273	240	249	187	273
220	250	275	201	238	229	205	246	251	282	245	251	209	280
236	260	276	205	250	233	220	247	258	283	259	252	224	289
252	263	279	222	258	243	224	252	264	286	266	273	231	306
271	266	287	233	262	249	230	261	279	288	267	284	244	308
284	267	289	239	271	253	232	272	285	290	268	295	260	313
294	268	297	250	274	259	238	277	290	291	269	296	266	318
302	269	298	272	275	277	292	278	291	293	288	297	267	319
307	285	299	288	276	282	294	281	303	296	292	298	268	320
311	303	300	307	280	283	302	287	304	303	293	299	269	321
312	310	301	314	295	286	307	302	309	308	304	300	278	322
321	315	305	318	315	309	311	319	314	316	306	301	305	324
323	317	318	323	324	325	312	320	322	321	310	316	315	325

expected score
1.0	0.581

2.0	0.544

3.0	0.576

4.0	0.517

5.0	0.58

6.0	0.518

7.0	0.515

8.0	0.522

9.0	0.523

10.0	0.527

11.0	0.516

12.0	0.538

13.0	0.567

14.0	0.549

Categorical variables
UNIT
S042049	0	0	0	1	1	0	0	0	0	1	0	0	0	0
S042222	0	0	0	3	0	3	0	0	0	0	0	0	0	0
S042228	3	0	0	0	0	0	0	0	0	0	0	0	0	3
S042300	0	0	0	0	0	2	0	0	0	0	0	2	0	0
S052015	0	0	0	0	3	0	0	3	0	0	0	0	0	0
S052043	0	0	0	0	0	0	3	0	0	0	0	0	3	0
S052085	0	0	2	0	0	0	2	0	0	0	0	2	0	0
S052092	0	0	0	0	0	0	0	0	0	0	0	4	4	0
S052095	0	0	0	0	0	0	0	0	0	0	2	0	2	0
S052112	0	0	0	2	0	0	0	2	0	0	0	0	0	0
S052243	0	0	0	0	0	0	0	0	0	0	3	3	0	0
S052263	0	0	0	2	0	0	0	0	0	0	2	0	0	2
S052289	0	0	0	3	3	0	0	0	0	0	0	0	0	0
S052303	0	0	0	0	2	0	2	0	0	0	0	0	0	0
S062010	0	0	3	0	3	0	0	0	0	0	0	0	0	0
S062018	0	0	0	0	0	0	2	0	0	2	0	0	0	0
S062022	1	0	0	0	0	0	0	0	0	0	0	0	1	0
S062024	0	0	0	0	0	0	0	0	0	2	2	0	0	0
S062042	0	0	0	4	0	0	0	0	0	0	0	0	0	4
S062091	0	2	0	0	2	0	0	0	0	0	0	0	0	0
S062101	0	0	0	0	0	0	0	4	0	0	0	4	0	0
S062116	0	3	3	0	0	0	0	3	0	0	0	0	0	0
S062189	0	2	0	0	0	0	0	0	0	0	2	0	0	0
S062243	0	0	0	0	4	4	0	0	4	0	0	0	0	0
S072000	0	0	4	0	0	0	0	0	4	0	0	0	0	0
S072033	0	0	0	0	0	0	0	0	0	4	0	0	0	4
S072143	0	0	0	0	0	0	0	0	0	0	0	0	0	0
S072232	0	4	0	0	0	0	0	0	0	0	4	0	4	0
S072260	0	0	3	0	3	0	0	0	0	0	0	0	0	0
S072265	0	0	0	0	0	3	0	0	0	3	0	0	0	0
S072345	0	0	5	0	0	0	0	0	0	0	0	5	0	0
S072403	2	0	0	0	0	0	2	0	0	0	0	0	0	0
S072900	0	0	0	0	0	0	0	2	0	0	0	0	0	2
S072905	1	0	0	1	0	0	0	0	0	0	0	0	0	0

Content_Domain
Biology	15	15	16	15	15	16	15	16	15	16	16	15	15	16
Chemistry	9	9	9	9	9	9	9	9	9	9	9	9	9	9
Physics	13	12	10	11	11	10	13	12	11	12	12	11	11	12
Earth_Science	8	9	10	10	10	10	8	8	10	8	8	10	10	8

Cognitive_Domain
Applying	16	15	16	16	16	16	16	15	16	15	15	16	15	15
Knowing	16	16	15	15	15	15	16	15	15	15	15	16	15	16
Reasoning	13	14	14	14	14	14	13	15	14	15	15	13	15	14

Item_Type
MC	31	30	30	30	31	30	30	30	30	30	30	30	30	30
CR	14	15	15	15	14	15	15	15	15	15	15	15	15	15

New_Cycle
0	15	5	3	17	14	16	14	7	8	8	8	7	17	7
1	27	36	38	26	28	26	31	36	34	35	36	33	27	33

Topic

Biology_Knowing
0	37	41	41	38	41	42	39	40	40	40	41	36	39	38
1	8	4	4	7	4	3	6	5	5	5	4	9	6	7

Biology_Applying
1	3	6	6	3	7	10	4	5	7	5	7	3	6	4
0	42	39	39	42	38	35	41	40	38	40	38	42	39	41

Biology_Reasoning
0	41	40	39	40	41	42	40	39	42	39	40	42	42	40
1	4	5	6	5	4	3	5	6	3	6	5	3	3	5

Chemistry_Knowing
0	42	42	41	42	41	41	42	42	42	42	42	42	42	42
1	3	3	4	3	4	4	3	3	3	3	3	3	3	3

Chemistry_Applying
0	42	42	42	42	42	42	41	41	42	42	42	42	42	42
1	3	3	3	3	3	3	4	4	3	3	3	3	3	3

Chemistry_Reasoning
0	42	42	43	42	43	43	43	43	42	42	42	42	42	42
1	3	3	2	3	2	2	2	2	3	3	3	3	3	3

Physics_Knowing
0	44	41	41	43	41	41	41	41	41	41	43	44	44	42
1	1	4	4	2	4	4	4	4	4	4	2	1	1	3

Physics_Applying
0	37	42	44	39	42	44	39	41	41	42	42	41	42	40
1	8	3	1	6	3	1	6	4	4	3	3	4	3	5

Physics_Reasoning
0	41	40	40	42	41	40	42	41	42	40	38	39	38	41
1	4	5	5	3	4	5	3	4	3	5	7	6	7	4

Earth_Knowing
0	41	40	42	42	42	41	42	42	42	42	39	42	40	42
1	4	5	3	3	3	4	3	3	3	3	6	3	5	3

Earth_Applying
0	43	42	39	41	42	43	43	43	43	41	43	39	42	42
1	2	3	6	4	3	2	2	2	2	4	2	6	3	3

Earth_Reasoning
0	43	44	44	42	41	41	42	42	40	44	45	44	43	43
1	2	1	1	3	4	4	3	3	5	1	0	1	2	2

Sum variables

Overlap matrix
	1	2	3	4	5	6	7	8	9	10	11	12	13	14
1	45	2	3	3	2	5	12	4	2	5	3	3	5	6
2	2	45	6	1	5	2	1	5	5	1	11	3	9	2
3	3	6	45	4	7	0	5	5	8	0	1	9	3	5
4	3	1	4	45	5	6	5	6	2	5	5	0	3	11
5	2	5	7	5	45	5	5	5	8	4	1	2	1	2
6	5	2	0	6	5	45	2	4	12	6	3	5	3	3
7	12	1	5	5	5	2	45	4	1	6	3	3	8	0
8	4	5	5	6	5	4	4	45	2	3	3	7	4	3
9	2	5	8	2	8	12	1	2	45	7	3	3	3	1
10	5	1	0	5	4	6	6	3	7	45	6	3	4	8
11	3	11	1	5	1	3	3	3	3	6	45	6	7	4
12	3	3	9	0	2	5	3	7	3	3	6	45	6	4
13	5	9	3	3	1	3	8	4	3	4	7	6	45	2
14	6	2	5	11	2	3	0	3	1	8	4	4	2	45

Item use
5	3.0
11	3.0
16	3.0
33	3.0
40	3.0
50	3.0
63	3.0
64	3.0
81	3.0
87	3.0
90	3.0
91	3.0
92	3.0
94	3.0
96	3.0
106	3.0
107	3.0
110	3.0
137	3.0
145	3.0
146	3.0
149	3.0
150	3.0
151	3.0
157	3.0
164	3.0
167	3.0
168	3.0
169	3.0
171	3.0
177	3.0
181	3.0
183	3.0
197	3.0
198	3.0
199	3.0
200	3.0
217	3.0
223	3.0
246	3.0
250	3.0
252	3.0
266	3.0
267	3.0
268	3.0
269	3.0
273	3.0
288	3.0
302	3.0
303	3.0
307	3.0
315	3.0
318	3.0
321	3.0
2	2.0
3	2.0
4	2.0
6	2.0
7	2.0
8	2.0
9	2.0
10	2.0
12	2.0
13	2.0
14	2.0
15	2.0
17	2.0
20	2.0
22	2.0
23	2.0
24	2.0
25	2.0
26	2.0
27	2.0
28	2.0
29	2.0
30	2.0
31	2.0
32	2.0
35	2.0
37	2.0
38	2.0
39	2.0
41	2.0
42	2.0
43	2.0
45	2.0
46	2.0
47	2.0
48	2.0
49	2.0
52	2.0
53	2.0
54	2.0
55	2.0
57	2.0
58	2.0
61	2.0
62	2.0
66	2.0
67	2.0
68	2.0
69	2.0
71	2.0
72	2.0
73	2.0
74	2.0
76	2.0
77	2.0
78	2.0
79	2.0
80	2.0
82	2.0
83	2.0
85	2.0
86	2.0
88	2.0
89	2.0
93	2.0
98	2.0
99	2.0
100	2.0
101	2.0
102	2.0
103	2.0
104	2.0
105	2.0
108	2.0
109	2.0
111	2.0
112	2.0
113	2.0
114	2.0
115	2.0
116	2.0
117	2.0
118	2.0
119	2.0
120	2.0
121	2.0
122	2.0
123	2.0
124	2.0
125	2.0
126	2.0
128	2.0
129	2.0
131	2.0
132	2.0
133	2.0
134	2.0
135	2.0
136	2.0
138	2.0
139	2.0
140	2.0
141	2.0
142	2.0
143	2.0
147	2.0
148	2.0
152	2.0
153	2.0
154	2.0
155	2.0
156	2.0
158	2.0
159	2.0
160	2.0
161	2.0
162	2.0
163	2.0
165	2.0
170	2.0
173	2.0
175	2.0
179	2.0
180	2.0
185	2.0
186	2.0
187	2.0
188	2.0
189	2.0
190	2.0
191	2.0
192	2.0
195	2.0
196	2.0
201	2.0
203	2.0
204	2.0
205	2.0
206	2.0
207	2.0
208	2.0
209	2.0
211	2.0
212	2.0
213	2.0
214	2.0
215	2.0
216	2.0
219	2.0
220	2.0
221	2.0
222	2.0
224	2.0
225	2.0
226	2.0
227	2.0
228	2.0
229	2.0
230	2.0
231	2.0
232	2.0
233	2.0
234	2.0
236	2.0
237	2.0
238	2.0
239	2.0
240	2.0
243	2.0
244	2.0
245	2.0
247	2.0
249	2.0
251	2.0
258	2.0
259	2.0
260	2.0
261	2.0
263	2.0
264	2.0
271	2.0
272	2.0
274	2.0
275	2.0
276	2.0
277	2.0
278	2.0
279	2.0
280	2.0
282	2.0
283	2.0
284	2.0
285	2.0
286	2.0
287	2.0
289	2.0
290	2.0
291	2.0
292	2.0
293	2.0
294	2.0
295	2.0
296	2.0
297	2.0
298	2.0
299	2.0
300	2.0
301	2.0
304	2.0
305	2.0
306	2.0
308	2.0
309	2.0
310	2.0
311	2.0
312	2.0
314	2.0
316	2.0
319	2.0
320	2.0
322	2.0
323	2.0
324	2.0
325	2.0
19	1.0
21	1.0
44	1.0
56	1.0
59	1.0
60	1.0
70	1.0
144	1.0
172	1.0
182	1.0
194	1.0
202	1.0
210	1.0
241	1.0
242	1.0
253	1.0
262	1.0
281	1.0
313	1.0
317	1.0
1	0.0
18	0.0
34	0.0
36	0.0
51	0.0
65	0.0
75	0.0
84	0.0
95	0.0
97	0.0
127	0.0
130	0.0
166	0.0
174	0.0
176	0.0
178	0.0
184	0.0
193	0.0
218	0.0
235	0.0
248	0.0
254	0.0
255	0.0
256	0.0
257	0.0
265	0.0
270	0.0
