Length
1	2	3	4	5	6	7	8	9	10	11	12	13	14
45	45	45	45	45	45	45	45	45	45	45	45	45	45

design
7	5	2	10	3	10	2	16	45	15	22	5	5	3
8	13	9	23	4	24	4	38	58	17	31	7	21	9
13	17	20	24	14	25	8	40	59	21	39	31	57	27
16	20	47	25	15	26	14	50	66	33	51	33	70	28
22	23	48	26	16	32	42	52	67	51	76	43	73	29
30	30	49	27	38	35	45	53	68	57	91	63	81	60
32	35	58	28	40	37	53	54	69	66	102	64	84	74
40	37	61	29	43	41	54	55	80	67	106	82	90	77
41	42	62	33	57	50	55	71	82	68	107	89	94	88
46	46	77	39	59	52	60	72	105	69	109	91	113	91
73	50	80	47	61	63	78	83	112	70	112	98	122	92
81	62	83	48	71	64	79	86	137	81	123	99	124	98
85	74	85	49	72	86	93	87	139	87	134	100	125	99
87	76	92	63	90	108	108	93	145	89	135	103	126	100
96	88	94	64	104	128	113	96	147	92	149	110	137	105
104	101	96	78	110	129	132	101	148	128	150	114	147	109
106	103	102	79	111	131	137	106	151	131	151	115	157	114
107	117	117	90	118	150	148	107	154	145	153	116	188	115
122	119	121	94	119	164	149	110	155	150	156	118	189	116
132	120	134	111	120	165	157	123	167	159	182	121	201	171
138	124	135	140	139	166	158	140	168	171	192	133	210	175
154	125	146	141	147	173	177	141	169	177	219	146	212	179
155	126	167	142	172	188	180	142	173	186	223	153	213	195
157	133	168	143	179	189	181	143	176	207	224	156	214	216
158	138	169	164	180	195	196	146	185	211	234	160	215	225
159	145	171	176	204	196	197	160	186	225	237	161	217	226
170	149	172	181	209	204	198	161	191	226	240	162	222	227
175	151	183	197	231	206	199	162	197	227	241	163	236	228
177	167	185	198	232	210	200	163	198	228	243	165	262	238
182	168	191	199	247	243	212	190	199	237	258	181	266	246
183	169	209	200	251	250	213	203	200	244	259	183	267	254
206	192	217	221	253	254	214	220	201	250	263	190	268	255
207	216	232	229	258	255	215	238	205	252	266	203	269	256
218	221	246	233	274	256	233	241	217	258	267	205	284	257
220	222	253	236	275	257	245	253	218	281	268	211	290	271
230	229	260	246	276	266	260	278	230	284	269	219	297	282
231	249	261	247	282	267	261	288	244	290	270	240	298	283
234	259	262	272	283	268	263	291	252	297	271	250	299	286
254	273	289	280	286	269	273	295	270	298	273	251	300	287
255	274	303	292	287	277	288	303	277	299	279	252	301	302
256	275	311	305	294	294	292	306	285	300	281	278	304	304
257	276	312	311	303	295	302	307	289	301	285	288	309	309
272	277	315	312	308	305	315	308	293	306	296	291	315	319
280	279	321	314	314	310	322	322	316	318	310	296	319	320
302	307	324	323	318	323	324	325	318	321	321	307	320	322

expected score
1.0	0.5

2.0	0.544

3.0	0.535

4.0	0.597

5.0	0.548

6.0	0.555

7.0	0.498

8.0	0.537

9.0	0.543

10.0	0.569

11.0	0.509

12.0	0.553

13.0	0.604

14.0	0.559

Categorical variables
UNIT
S042049	0	1	0	0	0	0	0	0	0	0	0	1	1	0
S042222	0	0	0	3	0	3	0	0	0	0	0	0	0	0
S042228	0	0	0	3	0	0	0	0	0	0	0	0	0	3
S042300	0	2	0	0	0	2	0	0	0	0	0	0	0	0
S052015	0	0	3	3	0	0	0	0	0	0	0	0	0	0
S052043	0	0	0	0	0	0	3	3	0	0	0	0	0	0
S052085	0	0	0	2	0	2	0	0	0	0	0	2	0	0
S052092	0	0	0	0	0	0	0	0	4	4	0	0	0	0
S052095	0	0	0	0	2	0	0	2	0	0	0	0	0	0
S052112	0	0	0	2	0	0	2	0	0	0	0	0	0	0
S052243	0	0	0	0	0	0	0	0	0	0	0	3	0	3
S052263	2	0	0	0	0	0	0	2	0	0	2	0	0	0
S052289	0	0	0	0	0	0	0	0	0	0	0	3	0	3
S052303	0	2	0	0	2	0	0	0	0	0	0	0	0	0
S062010	0	3	0	0	0	0	0	0	0	0	0	0	3	0
S062018	0	0	0	0	0	2	0	0	0	2	0	0	0	0
S062022	1	0	0	0	0	0	1	0	0	0	0	0	0	0
S062024	0	0	2	0	0	0	0	0	0	0	2	0	0	0
S062042	0	0	0	4	0	0	0	4	0	0	0	0	0	0
S062091	2	0	0	0	0	0	0	0	2	0	0	0	0	0
S062101	0	0	0	0	0	0	0	4	0	0	0	4	0	0
S062116	0	3	3	0	0	0	0	0	3	0	0	0	0	0
S062189	0	0	0	0	0	2	0	0	0	0	0	0	2	0
S062243	0	0	0	4	0	0	4	0	4	0	0	0	0	0
S072000	0	0	0	0	0	0	4	0	0	0	0	0	4	0
S072033	0	0	0	0	0	0	0	0	0	4	0	0	0	4
S072143	4	0	0	0	0	4	0	0	0	0	0	0	0	4
S072232	0	0	0	0	0	4	0	0	0	0	4	0	4	0
S072260	0	3	0	0	3	0	0	0	0	0	0	0	0	0
S072265	0	0	0	0	3	0	0	0	0	0	0	0	0	3
S072345	0	0	0	0	0	0	0	0	0	5	0	0	5	0
S072403	0	0	2	2	0	0	0	0	0	0	0	0	0	0
S072900	0	0	0	0	0	0	0	0	0	0	0	0	2	2
S072905	0	0	0	1	0	1	0	0	0	0	0	0	0	0

Content_Domain
Biology	15	15	16	15	15	16	15	15	16	15	15	15	15	15
Chemistry	9	9	9	9	9	9	9	9	9	9	9	9	9	9
Physics	11	13	11	13	13	11	11	13	10	11	13	12	11	13
Earth_Science	10	8	9	8	8	9	10	8	10	10	8	9	10	8

Cognitive_Domain
Applying	15	15	15	15	15	15	15	15	15	16	15	15	15	15
Knowing	15	15	15	15	16	15	15	16	15	15	16	15	15	15
Reasoning	15	15	15	15	14	15	15	14	15	14	14	15	15	15

Item_Type
MC	30	30	30	30	30	30	31	30	30	30	30	30	30	30
CR	15	15	15	15	15	15	14	15	15	15	15	15	15	15

New_Cycle
0	16	13	8	11	14	9	9	11	7	11	7	12	3	11
1	26	27	36	33	31	33	34	34	35	31	34	31	40	33

Topic

Biology_Knowing
0	41	42	39	37	40	42	39	39	40	37	40	38	42	36
1	4	3	6	8	5	3	6	6	5	8	5	7	3	9

Biology_Applying
1	7	6	3	4	7	8	6	3	7	4	5	4	7	3
0	38	39	42	41	38	37	39	42	38	41	40	41	38	42

Biology_Reasoning
0	41	39	38	42	42	40	42	39	41	42	40	41	40	42
1	4	6	7	3	3	5	3	6	4	3	5	4	5	3

Chemistry_Knowing
0	43	40	43	44	42	42	41	43	41	42	41	40	39	45
1	2	5	2	1	3	3	4	2	4	3	4	5	6	0

Chemistry_Applying
0	43	43	40	41	44	44	41	40	43	44	43	43	45	43
1	2	2	5	4	1	1	4	5	2	1	2	2	0	2

Chemistry_Reasoning
0	40	43	43	41	40	40	44	43	42	40	42	43	42	38
1	5	2	2	4	5	5	1	2	3	5	3	2	3	7

Physics_Knowing
0	42	42	42	41	40	43	43	41	42	42	42	44	43	41
1	3	3	3	4	5	2	2	4	3	3	3	1	2	4

Physics_Applying
0	40	41	41	39	41	41	41	40	41	41	41	41	42	40
1	5	4	4	6	4	4	4	5	4	4	4	4	3	5

Physics_Reasoning
0	42	39	41	42	41	40	40	41	42	41	39	38	39	41
1	3	6	4	3	4	5	5	4	3	4	6	7	6	4

Earth_Knowing
0	39	41	41	43	42	38	42	41	42	44	41	43	41	43
1	6	4	4	2	3	7	3	4	3	1	4	2	4	2

Earth_Applying
0	44	42	42	44	42	43	44	43	43	38	41	40	40	40
1	1	3	3	1	3	2	1	2	2	7	4	5	5	5

Earth_Reasoning
0	42	44	43	40	43	45	39	43	40	43	45	43	44	44
1	3	1	2	5	2	0	6	2	5	2	0	2	1	1

Sum variables

Overlap matrix
	1	2	3	4	5	6	7	8	9	10	11	12	13	14
1	45	4	3	2	4	7	6	7	4	5	5	2	4	6
2	4	45	6	3	5	4	3	3	6	2	7	4	5	3
3	3	6	45	7	6	0	5	5	9	3	4	3	4	5
4	2	3	7	45	4	9	9	4	5	1	1	4	3	4
5	4	5	6	4	45	2	3	9	4	4	1	4	3	6
6	7	4	0	9	2	45	2	4	2	4	7	4	7	5
7	6	3	5	9	3	2	45	6	7	1	3	2	8	3
8	7	3	5	4	9	4	6	45	0	2	4	12	0	2
9	4	6	9	5	4	2	7	0	45	9	4	3	4	1
10	5	2	3	1	4	4	1	2	9	45	6	5	11	6
11	5	7	4	1	1	7	3	4	4	6	45	7	4	3
12	2	4	3	4	4	4	2	12	3	5	7	45	1	7
13	4	5	4	3	3	7	8	0	4	11	4	1	45	4
14	6	3	5	4	6	5	3	2	1	6	3	7	4	45

Item use
5	3.0
16	3.0
33	3.0
40	3.0
50	3.0
57	3.0
63	3.0
64	3.0
81	3.0
87	3.0
90	3.0
91	3.0
92	3.0
94	3.0
96	3.0
106	3.0
107	3.0
110	3.0
137	3.0
145	3.0
146	3.0
147	3.0
149	3.0
150	3.0
151	3.0
157	3.0
167	3.0
168	3.0
169	3.0
171	3.0
177	3.0
181	3.0
183	3.0
197	3.0
198	3.0
199	3.0
200	3.0
217	3.0
246	3.0
250	3.0
252	3.0
253	3.0
254	3.0
255	3.0
256	3.0
257	3.0
258	3.0
266	3.0
267	3.0
268	3.0
269	3.0
273	3.0
277	3.0
288	3.0
302	3.0
303	3.0
307	3.0
315	3.0
318	3.0
321	3.0
322	3.0
2	2.0
3	2.0
4	2.0
7	2.0
8	2.0
9	2.0
10	2.0
13	2.0
14	2.0
15	2.0
17	2.0
20	2.0
21	2.0
22	2.0
23	2.0
24	2.0
25	2.0
26	2.0
27	2.0
28	2.0
29	2.0
30	2.0
31	2.0
32	2.0
35	2.0
37	2.0
38	2.0
39	2.0
41	2.0
42	2.0
43	2.0
45	2.0
46	2.0
47	2.0
48	2.0
49	2.0
51	2.0
52	2.0
53	2.0
54	2.0
55	2.0
58	2.0
59	2.0
60	2.0
61	2.0
62	2.0
66	2.0
67	2.0
68	2.0
69	2.0
70	2.0
71	2.0
72	2.0
73	2.0
74	2.0
76	2.0
77	2.0
78	2.0
79	2.0
80	2.0
82	2.0
83	2.0
85	2.0
86	2.0
88	2.0
89	2.0
93	2.0
98	2.0
99	2.0
100	2.0
101	2.0
102	2.0
103	2.0
104	2.0
105	2.0
108	2.0
109	2.0
111	2.0
112	2.0
113	2.0
114	2.0
115	2.0
116	2.0
117	2.0
118	2.0
119	2.0
120	2.0
121	2.0
122	2.0
123	2.0
124	2.0
125	2.0
126	2.0
128	2.0
131	2.0
132	2.0
133	2.0
134	2.0
135	2.0
138	2.0
139	2.0
140	2.0
141	2.0
142	2.0
143	2.0
148	2.0
153	2.0
154	2.0
155	2.0
156	2.0
158	2.0
159	2.0
160	2.0
161	2.0
162	2.0
163	2.0
164	2.0
165	2.0
172	2.0
173	2.0
175	2.0
176	2.0
179	2.0
180	2.0
182	2.0
185	2.0
186	2.0
188	2.0
189	2.0
190	2.0
191	2.0
192	2.0
195	2.0
196	2.0
201	2.0
203	2.0
204	2.0
205	2.0
206	2.0
207	2.0
209	2.0
210	2.0
211	2.0
212	2.0
213	2.0
214	2.0
215	2.0
216	2.0
218	2.0
219	2.0
220	2.0
221	2.0
222	2.0
225	2.0
226	2.0
227	2.0
228	2.0
229	2.0
230	2.0
231	2.0
232	2.0
233	2.0
234	2.0
236	2.0
237	2.0
238	2.0
240	2.0
241	2.0
243	2.0
244	2.0
247	2.0
251	2.0
259	2.0
260	2.0
261	2.0
262	2.0
263	2.0
270	2.0
271	2.0
272	2.0
274	2.0
275	2.0
276	2.0
278	2.0
279	2.0
280	2.0
281	2.0
282	2.0
283	2.0
284	2.0
285	2.0
286	2.0
287	2.0
289	2.0
290	2.0
291	2.0
292	2.0
294	2.0
295	2.0
296	2.0
297	2.0
298	2.0
299	2.0
300	2.0
301	2.0
304	2.0
305	2.0
306	2.0
308	2.0
309	2.0
310	2.0
311	2.0
312	2.0
314	2.0
319	2.0
320	2.0
323	2.0
324	2.0
84	1.0
129	1.0
166	1.0
170	1.0
223	1.0
224	1.0
245	1.0
249	1.0
293	1.0
316	1.0
325	1.0
1	0.0
6	0.0
11	0.0
12	0.0
18	0.0
19	0.0
34	0.0
36	0.0
44	0.0
56	0.0
65	0.0
75	0.0
95	0.0
97	0.0
127	0.0
130	0.0
136	0.0
144	0.0
152	0.0
174	0.0
178	0.0
184	0.0
187	0.0
193	0.0
194	0.0
202	0.0
208	0.0
235	0.0
239	0.0
242	0.0
248	0.0
264	0.0
265	0.0
313	0.0
317	0.0
