Length
1	2	3	4	5	6	7	8	9	10	11	12	13	14
35	35	35	35	35	35	35	35	35	35	35	35	35	35

design
36	17	2	4	5	1	3	1	21	3	6	23	4	2
69	20	11	14	10	5	9	9	29	8	7	24	27	6
81	33	19	17	13	57	10	19	33	16	28	41	32	7
82	34	24	25	14	73	13	26	34	18	30	62	46	8
83	35	51	30	45	84	18	29	35	20	31	66	56	11
87	36	55	31	52	85	21	39	42	26	47	73	58	16
127	42	65	38	68	86	23	45	44	28	48	78	60	25
139	43	69	40	75	93	27	47	54	32	58	79	67	38
146	44	71	51	91	95	59	48	60	41	61	80	78	39
150	46	77	57	95	125	64	53	64	43	89	84	79	40
154	54	92	59	98	128	76	65	89	49	90	85	80	49
157	55	99	61	110	139	111	75	94	50	102	86	81	50
160	68	100	66	115	142	112	76	114	52	117	87	82	67
175	107	101	77	121	170	113	92	120	53	121	91	83	71
176	110	102	96	130	186	142	94	126	90	122	103	103	96
177	112	117	97	146	189	158	109	130	98	134	107	104	97
183	125	124	115	150	197	162	111	137	104	140	108	126	99
187	127	160	116	162	200	163	113	143	108	141	119	132	100
191	129	165	119	163	204	164	114	144	109	149	120	133	101
192	155	174	124	164	206	166	122	149	131	152	129	134	116
193	165	188	128	178	207	168	143	153	145	153	132	152	145
194	174	198	140	195	208	171	158	156	157	171	133	156	147
202	183	199	154	210	209	178	170	167	200	206	137	168	148
205	188	212	166	221	213	195	181	182	213	207	144	175	155
210	191	217	169	229	215	196	184	184	218	218	147	176	169
219	201	219	180	231	217	208	185	185	247	221	148	177	186
220	203	222	189	235	220	225	205	196	252	238	167	180	197
230	209	224	190	236	232	231	226	214	253	239	181	182	198
234	212	228	192	237	240	234	227	223	254	241	187	190	199
235	228	233	193	238	248	239	229	224	259	245	201	214	203
236	230	255	194	241	249	249	233	240	265	252	211	215	204
237	248	260	202	245	265	254	242	256	269	253	223	222	211
243	250	261	226	247	267	255	258	260	271	257	225	232	258
266	267	263	227	269	270	257	263	261	273	264	242	243	270
268	274	268	256	274	273	259	264	262	275	266	275	262	271

expected score
1.0	0.347

2.0	0.328

3.0	0.409

4.0	0.449

5.0	0.355

6.0	0.336

7.0	0.378

8.0	0.408

9.0	0.386

10.0	0.377

11.0	0.392

12.0	0.395

13.0	0.439

14.0	0.39

Categorical variables
UNIT
S032651	0	0	0	2	0	0	0	0	0	0	2	0	0	0
S032665	0	3	0	0	0	0	0	0	3	0	0	0	0	0
S042049	0	0	0	0	0	0	0	2	0	0	2	0	0	0
S042051	0	0	0	0	0	0	0	0	0	2	0	0	0	2
S042222	0	0	0	0	0	0	0	0	0	0	0	3	3	0
S042228	3	0	0	0	0	0	0	0	0	0	0	0	3	0
S042238	0	0	0	0	0	3	0	0	0	0	0	3	0	0
S042293	0	0	0	2	0	0	0	0	0	0	0	0	0	2
S042300	0	0	3	0	0	0	0	0	0	0	0	0	0	3
S052085	0	0	0	0	0	0	0	0	0	0	0	2	2	0
S052090	0	0	0	0	0	0	0	0	0	0	0	0	0	0
S052112	0	0	0	0	0	0	0	0	0	0	0	2	0	2
S052165	0	0	0	0	3	0	3	0	0	0	0	0	0	0
S052243	3	0	0	0	0	0	0	0	0	0	0	0	3	0
S052263	0	0	0	0	0	0	0	2	2	0	0	0	0	0
S052289	3	0	0	3	0	0	0	0	0	0	0	0	0	0
S052303	0	0	2	0	0	0	0	0	0	0	0	0	0	2
S062024	0	0	0	0	0	2	0	0	0	0	2	0	0	0
S062091	0	0	0	2	0	0	0	2	0	0	0	0	0	0
S062103	0	0	0	0	0	1	0	0	0	0	0	0	1	0
S062116	3	0	0	0	3	0	0	0	0	0	0	0	0	0
S062173	0	0	0	0	0	0	0	0	0	2	2	0	0	0
S062211	0	0	2	0	0	0	0	0	2	0	0	0	0	0

Content_Domain
Biology	8	13	12	9	13	7	8	16	16	11	11	15	12	12
Physics	7	10	8	8	15	16	11	6	5	6	5	11	9	10
Chemistry	14	11	8	10	3	9	4	4	5	10	5	5	11	5
Earth_Science	6	1	7	8	4	3	12	9	9	8	14	4	3	8

Cognitive_Domain
Knowing	11	10	14	11	11	15	13	15	12	13	12	7	9	12
Applying	13	14	12	17	11	9	13	14	10	17	13	16	12	18
Reasoning	11	11	9	7	13	11	9	6	13	5	10	12	14	5

Item_Type
CR	20	19	17	15	17	22	17	17	15	16	19	15	15	14
MC	15	16	18	20	18	13	18	18	20	19	16	20	20	21

Topic
2	15	17	11	12	11	19	11	15	14	13	13	18	11	14
1	16	11	13	15	14	12	18	15	9	9	12	13	14	12
3	1	2	8	6	8	1	6	4	9	10	8	4	9	6
4	3	2	3	2	2	3	0	1	0	3	2	0	1	3
5	0	3	0	0	0	0	0	0	3	0	0	0	0	0

Biology_Knowing
1	2	4	4	4	4	4	1	8	5	6	2	3	2	2
0	33	31	31	31	31	31	34	27	30	29	33	32	33	33

Biology_Applying
0	32	32	30	30	31	33	29	31	32	31	30	29	29	27
1	3	3	5	5	4	2	6	4	3	4	5	6	6	8

Biology_Reasoning
0	32	29	32	35	30	34	34	31	27	34	31	29	31	33
1	3	6	3	0	5	1	1	4	8	1	4	6	4	2

Chemistry_Knowing
0	30	30	32	31	34	30	35	35	32	32	33	35	31	33
1	5	5	3	4	1	5	0	0	3	3	2	0	4	2

Chemistry_Applying
0	31	30	33	33	33	34	33	32	34	29	33	32	32	32
1	4	5	2	2	2	1	2	3	1	6	2	3	3	3

Chemistry_Reasoning
0	30	34	32	31	35	32	33	34	34	34	34	33	31	35
1	5	1	3	4	0	3	2	1	1	1	1	2	4	0

Physics_Knowing
0	32	35	33	33	30	30	32	34	34	34	34	32	33	31
1	3	0	2	2	5	5	3	1	1	1	1	3	2	4

Physics_Applying
0	33	29	31	31	31	31	32	30	33	30	33	30	33	31
1	2	6	4	4	4	4	3	5	2	5	2	5	2	4

Physics_Reasoning
0	33	31	33	33	29	28	30	35	33	35	33	32	30	33
1	2	4	2	2	6	7	5	0	2	0	2	3	5	2

Earth_Knowing
0	34	34	30	34	34	34	26	29	32	32	28	34	34	31
1	1	1	5	1	1	1	9	6	3	3	7	1	1	4

Earth_Applying
0	31	35	34	29	34	33	33	33	31	33	31	33	34	32
1	4	0	1	6	1	2	2	2	4	2	4	2	1	3

Earth_Reasoning
0	34	35	34	34	33	35	34	34	33	32	32	34	34	34
1	1	0	1	1	2	0	1	1	2	3	3	1	1	1

Sum variables

Overlap matrix
	1	2	3	4	5	6	7	8	9	10	11	12	13	14
1	35	5	4	5	6	2	1	1	0	1	1	2	7	0
2	5	35	6	1	3	4	1	0	6	2	0	3	1	2
3	4	6	35	3	0	1	1	5	3	0	2	1	1	8
4	5	1	3	35	2	3	2	2	1	0	4	2	3	7
5	6	3	0	2	35	2	8	3	1	4	5	1	0	0
6	2	4	1	3	2	35	3	2	1	4	2	4	2	4
7	1	1	1	2	8	3	35	5	3	4	3	2	2	0
8	1	0	5	2	3	2	5	35	6	3	4	2	0	2
9	0	6	3	1	1	1	3	6	35	0	3	5	6	0
10	1	2	0	0	4	4	4	3	0	35	5	3	2	6
11	1	0	2	4	5	2	3	4	3	5	35	0	3	2
12	2	3	1	2	1	4	2	2	5	3	0	35	6	3
13	7	1	1	3	0	2	2	0	6	2	3	6	35	1
14	0	2	8	7	0	4	0	2	0	6	2	3	1	35

Item use
1	2.0
2	2.0
3	2.0
4	2.0
5	2.0
6	2.0
7	2.0
8	2.0
9	2.0
10	2.0
11	2.0
13	2.0
14	2.0
16	2.0
17	2.0
18	2.0
19	2.0
20	2.0
21	2.0
23	2.0
24	2.0
25	2.0
26	2.0
27	2.0
28	2.0
29	2.0
30	2.0
31	2.0
32	2.0
33	2.0
34	2.0
35	2.0
36	2.0
38	2.0
39	2.0
40	2.0
41	2.0
42	2.0
43	2.0
44	2.0
45	2.0
46	2.0
47	2.0
48	2.0
49	2.0
50	2.0
51	2.0
52	2.0
53	2.0
54	2.0
55	2.0
57	2.0
58	2.0
59	2.0
60	2.0
61	2.0
64	2.0
65	2.0
66	2.0
67	2.0
68	2.0
69	2.0
71	2.0
73	2.0
75	2.0
76	2.0
77	2.0
78	2.0
79	2.0
80	2.0
81	2.0
82	2.0
83	2.0
84	2.0
85	2.0
86	2.0
87	2.0
89	2.0
90	2.0
91	2.0
92	2.0
94	2.0
95	2.0
96	2.0
97	2.0
98	2.0
99	2.0
100	2.0
101	2.0
102	2.0
103	2.0
104	2.0
107	2.0
108	2.0
109	2.0
110	2.0
111	2.0
112	2.0
113	2.0
114	2.0
115	2.0
116	2.0
117	2.0
119	2.0
120	2.0
121	2.0
122	2.0
124	2.0
125	2.0
126	2.0
127	2.0
128	2.0
129	2.0
130	2.0
132	2.0
133	2.0
134	2.0
137	2.0
139	2.0
140	2.0
142	2.0
143	2.0
144	2.0
145	2.0
146	2.0
147	2.0
148	2.0
149	2.0
150	2.0
152	2.0
153	2.0
154	2.0
155	2.0
156	2.0
157	2.0
158	2.0
160	2.0
162	2.0
163	2.0
164	2.0
165	2.0
166	2.0
167	2.0
168	2.0
169	2.0
170	2.0
171	2.0
174	2.0
175	2.0
176	2.0
177	2.0
178	2.0
180	2.0
181	2.0
182	2.0
183	2.0
184	2.0
185	2.0
186	2.0
187	2.0
188	2.0
189	2.0
190	2.0
191	2.0
192	2.0
193	2.0
194	2.0
195	2.0
196	2.0
197	2.0
198	2.0
199	2.0
200	2.0
201	2.0
202	2.0
203	2.0
204	2.0
205	2.0
206	2.0
207	2.0
208	2.0
209	2.0
210	2.0
211	2.0
212	2.0
213	2.0
214	2.0
215	2.0
217	2.0
218	2.0
219	2.0
220	2.0
221	2.0
222	2.0
223	2.0
224	2.0
225	2.0
226	2.0
227	2.0
228	2.0
229	2.0
230	2.0
231	2.0
232	2.0
233	2.0
234	2.0
235	2.0
236	2.0
237	2.0
238	2.0
239	2.0
240	2.0
241	2.0
242	2.0
243	2.0
245	2.0
247	2.0
248	2.0
249	2.0
252	2.0
253	2.0
254	2.0
255	2.0
256	2.0
257	2.0
258	2.0
259	2.0
260	2.0
261	2.0
262	2.0
263	2.0
264	2.0
265	2.0
266	2.0
267	2.0
268	2.0
269	2.0
270	2.0
271	2.0
273	2.0
274	2.0
275	2.0
56	1.0
62	1.0
93	1.0
131	1.0
141	1.0
250	1.0
12	0.0
15	0.0
22	0.0
37	0.0
63	0.0
70	0.0
72	0.0
74	0.0
88	0.0
105	0.0
106	0.0
118	0.0
123	0.0
135	0.0
136	0.0
138	0.0
151	0.0
159	0.0
161	0.0
172	0.0
173	0.0
179	0.0
216	0.0
244	0.0
246	0.0
251	0.0
272	0.0
276	0.0
