Length
1	2	3	4	5	6	7	8	9	10	11	12	13	14
45	45	45	45	45	45	45	45	45	45	45	45	45	45

design
5	16	14	2	8	3	10	5	5	11	3	4	6	2
8	32	15	9	22	7	35	6	10	14	4	9	12	13
17	81	47	24	24	16	37	33	12	21	7	22	20	32
33	90	48	25	25	20	38	40	13	23	11	33	27	50
35	93	49	26	26	27	43	59	15	40	17	39	28	56
37	103	52	41	30	28	60	60	16	53	30	41	29	57
39	106	58	46	31	29	74	61	23	54	47	43	42	71
40	107	63	56	50	31	87	70	45	55	48	50	51	72
42	110	64	63	78	38	90	87	81	59	49	58	63	97
53	117	81	64	79	45	102	88	83	61	57	62	64	98
54	124	93	74	80	46	128	90	108	66	70	82	66	99
55	125	105	77	86	52	131	91	110	67	92	85	67	100
57	126	112	78	94	76	137	103	137	68	96	87	68	114
62	137	113	79	106	80	149	105	145	69	98	89	69	115
73	140	117	86	107	82	150	123	149	76	99	91	71	116
77	141	121	111	118	101	153	139	150	91	100	92	72	118
83	142	134	112	121	104	171	170	151	92	106	94	73	138
85	143	135	122	122	110	177	181	154	94	107	113	102	145
88	148	140	124	123	138	188	182	155	96	108	139	109	151
89	152	141	125	133	177	189	191	164	129	109	157	114	153
96	154	142	126	145	180	195	197	171	133	128	165	115	164
101	155	143	149	147	183	201	198	177	146	131	167	116	188
104	159	146	179	148	186	212	199	191	147	158	168	119	189
111	160	151	192	156	203	213	200	203	171	159	169	120	192
132	161	165	197	157	204	214	211	210	173	170	173	129	201
146	162	167	198	160	221	215	229	216	179	196	182	156	206
147	163	168	199	161	223	220	230	219	181	216	187	158	208
157	167	169	200	162	231	224	237	222	186	221	195	175	219
164	168	172	206	163	232	229	247	230	190	233	205	185	225
172	169	181	217	180	234	239	249	238	211	258	207	196	226
175	204	190	220	183	239	243	252	240	223	263	210	197	227
183	207	209	233	224	240	261	262	249	225	266	218	198	228
185	217	212	234	236	253	273	271	251	226	267	222	199	232
209	241	213	258	246	277	274	272	259	227	268	231	200	243
223	272	214	261	251	279	275	278	270	228	269	244	205	244
236	287	215	262	252	282	276	280	277	237	285	246	247	250
238	297	217	274	270	283	279	281	280	245	292	250	252	264
245	298	253	275	271	286	281	291	288	253	297	259	260	266
258	299	274	276	284	288	284	295	290	277	298	282	264	267
260	300	275	278	287	294	285	302	293	290	299	283	266	268
263	301	276	289	289	303	304	309	295	292	300	286	267	269
288	302	305	311	291	308	307	315	296	294	301	303	268	306
293	305	311	312	302	319	321	318	303	306	304	318	269	310
296	307	312	316	307	320	322	323	310	318	309	321	314	319
316	314	315	324	308	322	325	324	325	321	322	323	315	320

expected score
1.0	0.506

2.0	0.548

3.0	0.621

4.0	0.563

5.0	0.471

6.0	0.538

7.0	0.565

8.0	0.536

9.0	0.518

10.0	0.55

11.0	0.55

12.0	0.514

13.0	0.571

14.0	0.541

Categorical variables
UNIT
S042049	1	0	0	0	0	0	0	1	1	0	0	0	0	0
S042222	0	0	0	3	3	0	0	0	0	0	0	0	0	0
S042228	0	0	0	0	0	3	0	0	0	0	0	0	3	0
S042300	2	0	0	0	0	0	2	0	0	0	0	0	0	0
S052015	0	0	3	0	0	0	0	0	0	0	3	0	0	0
S052043	3	0	0	0	0	0	0	0	0	3	0	0	0	0
S052085	0	0	2	2	0	0	0	0	0	0	0	0	2	0
S052092	0	0	0	0	0	0	0	0	0	4	0	0	4	0
S052095	0	0	0	0	0	0	0	0	0	0	0	0	2	2
S052112	0	0	0	2	2	0	0	0	0	0	0	0	0	0
S052243	0	0	0	0	0	0	0	0	0	0	3	0	0	3
S052263	0	2	0	0	2	0	0	0	0	0	2	0	0	0
S052289	0	0	0	0	0	0	0	0	0	0	0	0	3	3
S052303	0	0	0	0	0	0	0	0	0	0	0	0	2	0
S062010	0	3	0	3	0	0	0	0	0	0	0	0	0	0
S062018	0	0	0	0	0	0	2	0	0	0	2	0	0	0
S062022	1	0	0	0	0	0	0	0	0	0	0	0	0	0
S062024	0	0	2	0	0	0	0	0	0	0	0	0	0	0
S062042	0	4	4	0	0	0	0	0	0	0	0	0	0	0
S062091	0	2	0	0	0	0	0	0	2	0	0	0	0	0
S062101	0	4	0	0	4	0	0	0	0	0	0	0	0	0
S062116	0	3	3	0	0	0	0	0	0	0	0	3	0	0
S062189	0	0	0	0	0	0	2	0	0	0	0	0	0	2
S062243	0	0	0	4	0	0	0	4	0	0	0	0	4	0
S072000	0	0	4	0	0	0	4	0	0	0	0	0	0	0
S072033	0	0	0	0	0	0	0	0	0	4	0	0	0	4
S072143	0	0	0	0	0	0	0	0	0	0	0	0	0	0
S072232	0	0	0	0	0	0	0	0	0	0	4	0	4	4
S072260	0	0	3	3	0	0	3	0	0	0	0	0	0	0
S072265	0	0	0	0	0	3	0	0	0	0	0	3	0	0
S072345	0	5	0	0	0	0	0	0	0	0	5	0	0	0
S072403	0	0	2	2	0	0	0	0	0	0	0	0	0	0
S072900	0	0	0	0	0	2	0	0	0	0	0	0	0	2
S072905	0	0	0	0	0	0	0	1	0	0	0	1	0	0

Content_Domain
Biology	15	15	16	15	15	15	16	15	16	15	15	15	16	15
Chemistry	9	9	9	9	9	9	9	9	9	9	9	9	9	9
Physics	13	11	11	11	11	12	12	12	12	13	13	13	10	12
Earth_Science	8	10	9	10	10	9	8	9	8	8	8	8	10	9

Cognitive_Domain
Applying	16	16	15	16	16	16	16	15	15	15	16	15	15	16
Knowing	16	15	15	16	16	16	15	15	15	15	15	15	15	15
Reasoning	13	14	15	13	13	13	14	15	15	15	14	15	15	14

Item_Type
MC	30	30	30	30	30	30	30	32	30	30	30	30	30	30
CR	15	15	15	15	15	15	15	13	15	15	15	15	15	15

New_Cycle
0	20	5	3	9	9	12	6	8	8	17	11	13	16	7
1	25	40	42	33	34	30	34	30	33	24	33	30	26	35

Topic

Biology_Knowing
0	39	40	41	37	39	40	42	41	41	37	39	41	37	38
1	6	5	4	8	6	5	3	4	4	8	6	4	8	7

Biology_Applying
1	4	3	5	4	5	6	9	8	7	3	6	5	4	5
0	41	42	40	41	40	39	36	37	38	42	39	40	41	40

Biology_Reasoning
0	40	38	38	42	41	41	41	42	40	41	42	39	41	42
1	5	7	7	3	4	4	4	3	5	4	3	6	4	3

Chemistry_Knowing
0	42	41	42	41	42	42	42	42	41	42	42	42	42	42
1	3	4	3	4	3	3	3	3	4	3	3	3	3	3

Chemistry_Applying
0	42	42	41	42	42	42	42	42	42	42	42	42	42	42
1	3	3	4	3	3	3	3	3	3	3	3	3	3	3

Chemistry_Reasoning
0	42	43	43	43	42	42	42	42	43	42	42	42	42	42
1	3	2	2	2	3	3	3	3	2	3	3	3	3	3

Physics_Knowing
0	43	41	44	41	41	39	41	40	43	44	42	42	44	43
1	2	4	1	4	4	6	4	5	2	1	3	3	1	2

Physics_Applying
0	38	40	40	41	40	43	43	41	41	40	43	39	40	43
1	7	5	5	4	5	2	2	4	4	5	2	6	5	2

Physics_Reasoning
0	41	43	40	42	43	41	39	42	39	38	37	41	41	37
1	4	2	5	3	2	4	6	3	6	7	8	4	4	8

Earth_Knowing
0	40	43	38	45	42	43	40	42	40	42	42	40	42	42
1	5	2	7	0	3	2	5	3	5	3	3	5	3	3

Earth_Applying
0	43	40	44	40	42	40	43	45	44	41	40	44	42	39
1	2	5	1	5	3	5	2	0	1	4	5	1	3	6

Earth_Reasoning
0	44	42	44	40	41	43	44	39	43	44	45	43	41	45
1	1	3	1	5	4	2	1	6	2	1	0	2	4	0

Sum variables

Overlap matrix
	1	2	3	4	5	6	7	8	9	10	11	12	13	14
1	45	0	3	4	5	5	2	4	7	9	5	6	5	2
2	0	45	12	4	10	3	3	4	6	0	8	4	1	1
3	3	12	45	9	1	2	7	3	3	5	3	6	3	1
4	4	4	9	45	8	2	7	7	1	1	2	2	6	4
5	5	10	1	8	45	5	3	5	3	3	3	5	2	3
6	5	3	2	2	5	45	5	0	9	6	4	6	4	4
7	2	3	7	7	3	5	45	5	7	2	5	4	1	5
8	4	4	3	7	5	0	5	45	6	8	3	7	8	0
9	7	6	3	1	3	9	7	6	45	4	2	4	1	6
10	9	0	5	1	3	6	2	8	4	45	4	6	5	5
11	5	8	3	2	3	4	5	3	2	4	45	2	7	8
12	6	4	6	2	5	6	4	7	4	6	2	45	1	3
13	5	1	3	6	2	4	1	8	1	5	7	1	45	10
14	2	1	1	4	3	4	5	0	6	5	8	3	10	45

Item use
5	3.0
16	3.0
33	3.0
40	3.0
50	3.0
57	3.0
63	3.0
64	3.0
81	3.0
87	3.0
90	3.0
91	3.0
92	3.0
94	3.0
96	3.0
106	3.0
107	3.0
110	3.0
137	3.0
145	3.0
146	3.0
147	3.0
149	3.0
151	3.0
157	3.0
164	3.0
167	3.0
168	3.0
169	3.0
171	3.0
177	3.0
181	3.0
183	3.0
197	3.0
198	3.0
199	3.0
200	3.0
217	3.0
223	3.0
252	3.0
253	3.0
258	3.0
266	3.0
267	3.0
268	3.0
269	3.0
274	3.0
275	3.0
276	3.0
277	3.0
288	3.0
302	3.0
303	3.0
307	3.0
315	3.0
318	3.0
321	3.0
322	3.0
2	2.0
3	2.0
4	2.0
6	2.0
7	2.0
8	2.0
9	2.0
10	2.0
11	2.0
12	2.0
13	2.0
14	2.0
15	2.0
17	2.0
20	2.0
22	2.0
23	2.0
24	2.0
25	2.0
26	2.0
27	2.0
28	2.0
29	2.0
30	2.0
31	2.0
32	2.0
35	2.0
37	2.0
38	2.0
39	2.0
41	2.0
42	2.0
43	2.0
45	2.0
46	2.0
47	2.0
48	2.0
49	2.0
52	2.0
53	2.0
54	2.0
55	2.0
56	2.0
58	2.0
59	2.0
60	2.0
61	2.0
62	2.0
66	2.0
67	2.0
68	2.0
69	2.0
70	2.0
71	2.0
72	2.0
73	2.0
74	2.0
76	2.0
77	2.0
78	2.0
79	2.0
80	2.0
82	2.0
83	2.0
85	2.0
86	2.0
88	2.0
89	2.0
93	2.0
98	2.0
99	2.0
100	2.0
101	2.0
102	2.0
103	2.0
104	2.0
105	2.0
108	2.0
109	2.0
111	2.0
112	2.0
113	2.0
114	2.0
115	2.0
116	2.0
117	2.0
118	2.0
121	2.0
122	2.0
123	2.0
124	2.0
125	2.0
126	2.0
128	2.0
129	2.0
131	2.0
133	2.0
138	2.0
139	2.0
140	2.0
141	2.0
142	2.0
143	2.0
148	2.0
150	2.0
153	2.0
154	2.0
155	2.0
156	2.0
158	2.0
159	2.0
160	2.0
161	2.0
162	2.0
163	2.0
165	2.0
170	2.0
172	2.0
173	2.0
175	2.0
179	2.0
180	2.0
182	2.0
185	2.0
186	2.0
188	2.0
189	2.0
190	2.0
191	2.0
192	2.0
195	2.0
196	2.0
201	2.0
203	2.0
204	2.0
205	2.0
206	2.0
207	2.0
209	2.0
210	2.0
211	2.0
212	2.0
213	2.0
214	2.0
215	2.0
216	2.0
219	2.0
220	2.0
221	2.0
222	2.0
224	2.0
225	2.0
226	2.0
227	2.0
228	2.0
229	2.0
230	2.0
231	2.0
232	2.0
233	2.0
234	2.0
236	2.0
237	2.0
238	2.0
239	2.0
240	2.0
243	2.0
244	2.0
245	2.0
246	2.0
247	2.0
249	2.0
250	2.0
251	2.0
259	2.0
260	2.0
261	2.0
262	2.0
263	2.0
264	2.0
270	2.0
271	2.0
272	2.0
278	2.0
279	2.0
280	2.0
281	2.0
282	2.0
283	2.0
284	2.0
285	2.0
286	2.0
287	2.0
289	2.0
290	2.0
291	2.0
292	2.0
293	2.0
294	2.0
295	2.0
296	2.0
297	2.0
298	2.0
299	2.0
300	2.0
301	2.0
304	2.0
305	2.0
306	2.0
308	2.0
309	2.0
310	2.0
311	2.0
312	2.0
314	2.0
316	2.0
319	2.0
320	2.0
323	2.0
324	2.0
325	2.0
21	1.0
51	1.0
97	1.0
119	1.0
120	1.0
132	1.0
134	1.0
135	1.0
152	1.0
187	1.0
208	1.0
218	1.0
241	1.0
273	1.0
1	0.0
18	0.0
19	0.0
34	0.0
36	0.0
44	0.0
65	0.0
75	0.0
84	0.0
95	0.0
127	0.0
130	0.0
136	0.0
144	0.0
166	0.0
174	0.0
176	0.0
178	0.0
184	0.0
193	0.0
194	0.0
202	0.0
235	0.0
242	0.0
248	0.0
254	0.0
255	0.0
256	0.0
257	0.0
265	0.0
313	0.0
317	0.0
