Length
1	2	3	4	5	6	7	8	9	10	11	12	13	14
45	45	45	45	45	45	45	45	45	45	45	45	45	45

design
9	2	4	1	5	6	8	2	15	10	3	8	1	35
18	7	5	3	6	34	14	15	16	13	4	12	12	37
24	10	20	11	21	42	39	17	17	21	7	24	38	41
25	16	23	13	31	47	44	32	20	23	9	25	40	60
26	52	36	14	34	48	56	38	30	33	22	26	41	65
27	58	57	18	36	49	60	39	33	35	30	45	53	77
28	59	61	22	51	65	76	40	42	37	32	66	54	78
29	83	73	27	52	71	77	44	47	53	50	67	55	79
31	88	75	28	62	72	86	45	48	54	51	68	63	84
43	92	76	29	63	86	89	50	49	55	82	69	64	89
46	93	78	43	64	90	103	58	66	59	87	74	81	94
57	96	79	46	75	94	105	70	67	61	95	90	92	97
62	102	81	70	85	117	113	97	68	74	104	91	103	105
73	111	85	87	113	123	122	98	69	102	108	96	112	109
80	119	88	91	118	129	140	99	71	109	138	98	122	137
101	120	106	93	132	154	141	100	72	111	144	99	132	139
104	128	107	106	148	155	142	101	80	114	148	100	146	140
118	131	121	107	194	167	143	110	82	115	150	119	153	141
129	133	123	108	206	168	151	112	83	116	152	120	160	142
133	134	134	114	216	169	167	121	95	145	158	124	161	143
137	135	135	115	217	170	168	139	110	149	174	125	162	158
138	154	147	116	220	177	169	144	124	150	187	126	163	166
149	155	159	117	225	188	172	146	125	170	201	147	179	171
157	164	165	153	226	189	183	151	126	174	218	166	190	182
172	165	177	156	227	197	184	156	145	175	224	173	196	203
173	186	183	160	228	198	192	159	157	178	233	180	201	204
184	192	190	161	238	199	203	176	171	179	249	187	205	207
191	195	210	162	251	200	204	178	176	181	252	188	218	212
210	197	216	163	254	211	205	180	185	182	258	189	234	213
217	198	230	164	255	223	212	185	191	195	264	193	238	214
225	199	232	175	256	230	213	209	193	219	266	196	251	215
226	200	233	181	257	250	214	211	194	222	267	231	259	223
227	208	239	186	262	272	215	234	207	224	268	235	270	247
228	209	241	206	270	274	219	235	220	236	269	240	273	248
263	221	253	221	274	275	231	237	232	239	277	266	289	254
272	222	258	229	275	276	236	241	240	242	290	267	297	255
273	229	259	242	276	282	243	243	246	244	297	268	298	256
281	237	262	253	277	283	247	244	280	252	298	269	299	257
290	245	271	260	281	284	260	245	285	271	299	278	300	279
293	249	280	261	287	286	261	246	293	285	300	282	301	288
302	250	292	279	289	296	263	264	294	295	301	283	307	291
304	288	302	284	294	313	295	278	303	307	310	286	308	292
306	305	311	287	304	317	311	296	305	315	319	319	310	316
309	306	312	291	308	321	312	303	309	317	320	320	314	318
315	313	321	314	322	325	323	318	322	323	324	325	316	324

expected score
1.0	0.555

2.0	0.536

3.0	0.441

4.0	0.493

5.0	0.582

6.0	0.588

7.0	0.513

8.0	0.49

9.0	0.601

10.0	0.528

11.0	0.516

12.0	0.55

13.0	0.544

14.0	0.505

Categorical variables
UNIT
S042049	0	0	1	0	1	0	0	0	0	0	0	0	0	0
S042222	3	0	0	0	0	0	0	0	0	0	0	3	0	0
S042228	3	0	0	3	0	0	0	0	0	0	0	0	0	0
S042300	0	0	0	0	0	0	0	0	0	2	0	0	0	2
S052015	0	0	0	0	0	3	0	0	3	0	0	0	0	0
S052043	0	0	0	0	0	0	0	0	0	3	0	0	3	0
S052085	0	0	0	0	2	0	0	0	0	0	0	0	2	0
S052092	0	0	0	0	0	0	0	0	4	0	0	4	0	0
S052095	0	0	0	0	0	2	0	0	2	0	0	0	0	0
S052112	0	0	2	0	0	0	0	0	0	0	0	0	0	2
S052243	0	0	0	0	0	0	0	3	0	0	0	3	0	0
S052263	0	0	2	2	0	0	0	0	0	0	0	0	0	0
S052289	0	0	0	3	0	0	0	0	0	3	0	0	0	0
S052303	0	2	0	0	0	0	0	0	0	0	0	2	0	0
S062010	0	0	0	0	0	0	0	0	3	0	0	3	0	0
S062018	0	2	0	0	0	0	0	0	0	0	0	0	0	0
S062022	0	0	0	0	1	0	0	0	0	0	0	0	1	0
S062024	0	2	2	0	0	0	0	0	0	0	0	0	0	0
S062042	0	0	0	0	0	0	4	0	0	0	0	0	0	4
S062091	0	2	0	0	0	2	0	0	0	0	0	0	0	0
S062101	0	0	0	4	0	0	0	0	0	0	0	0	4	0
S062116	0	0	0	0	0	3	3	0	0	0	0	0	0	0
S062189	0	0	0	0	0	2	0	0	0	0	0	2	0	0
S062243	0	4	0	0	0	4	0	0	0	0	0	0	0	0
S072000	0	0	0	0	0	0	4	0	0	0	0	0	0	4
S072033	4	0	0	0	4	0	0	0	0	0	0	0	0	0
S072143	0	0	0	0	4	0	0	0	0	0	0	0	0	4
S072232	0	0	0	0	0	0	0	0	0	0	4	4	0	0
S072260	0	0	0	0	3	3	0	0	0	0	0	0	0	0
S072265	0	0	0	0	0	3	0	0	0	0	0	3	0	0
S072345	0	0	0	0	0	0	0	0	0	0	5	0	5	0
S072403	0	0	2	0	0	0	2	0	0	0	0	0	0	0
S072900	0	0	0	0	0	0	0	0	0	0	2	2	0	0
S072905	0	0	0	0	0	0	1	0	0	1	0	0	0	0

Content_Domain
Biology	16	15	16	16	16	15	16	15	15	15	15	15	15	16
Chemistry	9	9	9	9	9	9	9	9	9	9	9	9	9	9
Physics	10	8	9	10	13	13	12	14	11	12	13	15	9	15
Earth_Science	10	13	11	10	7	8	8	7	10	9	8	6	12	5

Cognitive_Domain
Applying	17	15	18	17	14	18	24	15	14	25	18	14	20	21
Knowing	17	19	13	18	16	10	15	19	21	12	15	18	17	12
Reasoning	11	11	14	10	15	17	6	11	10	8	12	13	8	12

Item_Type
MC	29	33	25	28	33	32	31	24	32	30	30	26	34	31
CR	16	12	20	17	12	13	14	21	13	15	15	19	11	14

New_Cycle
0	13	10	9	19	5	2	7	11	12	16	11	13	11	6
1	28	33	34	23	36	38	36	30	30	27	25	29	32	33

Topic

Biology_Knowing
0	38	39	41	36	38	45	40	40	39	40	39	40	36	41
1	7	6	4	9	7	0	5	5	6	5	6	5	9	4

Biology_Applying
1	6	7	8	4	4	10	8	7	5	8	6	8	3	10
0	39	38	37	41	41	35	37	38	40	37	39	37	42	35

Biology_Reasoning
0	42	43	41	42	40	40	42	42	41	43	42	43	42	43
1	3	2	4	3	5	5	3	3	4	2	3	2	3	2

Chemistry_Knowing
0	43	39	42	44	43	44	40	40	41	43	42	40	42	41
1	2	6	3	1	2	1	5	5	4	2	3	5	3	4

Chemistry_Applying
0	42	43	43	42	42	39	42	43	41	40	43	43	39	44
1	3	2	2	3	3	6	3	2	4	5	2	2	6	1

Chemistry_Reasoning
0	41	44	41	40	41	43	44	43	44	43	41	43	45	41
1	4	1	4	5	4	2	1	2	1	2	4	2	0	4

Physics_Knowing
0	42	43	42	41	41	39	43	40	40	44	42	41	44	42
1	3	2	3	4	4	6	2	5	5	1	3	4	1	3

Physics_Applying
0	40	43	40	41	41	44	35	40	42	37	40	42	40	37
1	5	2	5	4	4	1	10	5	3	8	5	3	5	8

Physics_Reasoning
0	43	41	44	43	40	39	45	41	42	42	40	37	42	41
1	2	4	1	2	5	6	0	4	3	3	5	8	3	4

Earth_Knowing
0	40	40	42	41	42	42	42	41	39	41	42	41	41	44
1	5	5	3	4	3	3	3	4	6	4	3	4	4	1

Earth_Applying
0	42	41	42	39	42	44	42	44	43	41	40	44	39	43
1	3	4	3	6	3	1	3	1	2	4	5	1	6	2

Earth_Reasoning
0	43	41	40	45	44	41	43	43	43	44	45	44	43	43
1	2	4	5	0	1	4	2	2	2	1	0	1	2	2

Sum variables

Overlap matrix
	1	2	3	4	5	6	7	8	9	10	11	12	13	14
1	45	2	4	6	10	2	3	1	5	2	4	4	1	1
2	2	45	4	5	1	8	1	5	3	6	2	3	1	1
3	4	4	45	3	6	4	4	3	3	4	3	1	3	3
4	6	5	3	45	2	2	3	2	0	7	4	1	7	2
5	10	1	6	2	45	5	1	0	4	1	3	0	8	4
6	2	8	4	2	5	45	4	2	6	2	0	7	0	3
7	3	1	4	3	1	4	45	4	0	4	0	2	3	15
8	1	5	3	2	0	2	4	45	7	2	4	7	5	3
9	5	3	3	0	4	6	0	7	45	3	3	9	0	2
10	2	6	4	7	1	2	4	2	3	45	4	1	5	4
11	4	2	3	4	3	0	0	4	3	4	45	7	8	2
12	4	3	1	1	0	7	2	7	9	1	7	45	2	1
13	1	1	3	7	8	0	3	5	0	5	8	2	45	2
14	1	1	3	2	4	3	15	3	2	4	2	1	2	45

Item use
1	2.0
2	2.0
3	2.0
4	2.0
5	2.0
6	2.0
7	2.0
8	2.0
9	2.0
10	2.0
12	2.0
13	2.0
14	2.0
15	2.0
16	2.0
17	2.0
18	2.0
20	2.0
21	2.0
22	2.0
23	2.0
24	2.0
25	2.0
26	2.0
27	2.0
28	2.0
29	2.0
30	2.0
31	2.0
32	2.0
33	2.0
34	2.0
35	2.0
36	2.0
37	2.0
38	2.0
39	2.0
40	2.0
41	2.0
42	2.0
43	2.0
44	2.0
45	2.0
46	2.0
47	2.0
48	2.0
49	2.0
50	2.0
51	2.0
52	2.0
53	2.0
54	2.0
55	2.0
57	2.0
58	2.0
59	2.0
60	2.0
61	2.0
62	2.0
63	2.0
64	2.0
65	2.0
66	2.0
67	2.0
68	2.0
69	2.0
70	2.0
71	2.0
72	2.0
73	2.0
74	2.0
75	2.0
76	2.0
77	2.0
78	2.0
79	2.0
80	2.0
81	2.0
82	2.0
83	2.0
85	2.0
86	2.0
87	2.0
88	2.0
89	2.0
90	2.0
91	2.0
92	2.0
93	2.0
94	2.0
95	2.0
96	2.0
97	2.0
98	2.0
99	2.0
100	2.0
101	2.0
102	2.0
103	2.0
104	2.0
105	2.0
106	2.0
107	2.0
108	2.0
109	2.0
110	2.0
111	2.0
112	2.0
113	2.0
114	2.0
115	2.0
116	2.0
117	2.0
118	2.0
119	2.0
120	2.0
121	2.0
122	2.0
123	2.0
124	2.0
125	2.0
126	2.0
129	2.0
132	2.0
133	2.0
134	2.0
135	2.0
137	2.0
138	2.0
139	2.0
140	2.0
141	2.0
142	2.0
143	2.0
144	2.0
145	2.0
146	2.0
147	2.0
148	2.0
149	2.0
150	2.0
151	2.0
153	2.0
154	2.0
155	2.0
156	2.0
157	2.0
158	2.0
159	2.0
160	2.0
161	2.0
162	2.0
163	2.0
164	2.0
165	2.0
166	2.0
167	2.0
168	2.0
169	2.0
170	2.0
171	2.0
172	2.0
173	2.0
174	2.0
175	2.0
176	2.0
177	2.0
178	2.0
179	2.0
180	2.0
181	2.0
182	2.0
183	2.0
184	2.0
185	2.0
186	2.0
187	2.0
188	2.0
189	2.0
190	2.0
191	2.0
192	2.0
193	2.0
194	2.0
195	2.0
196	2.0
197	2.0
198	2.0
199	2.0
200	2.0
201	2.0
203	2.0
204	2.0
205	2.0
206	2.0
207	2.0
209	2.0
210	2.0
211	2.0
212	2.0
213	2.0
214	2.0
215	2.0
216	2.0
217	2.0
218	2.0
219	2.0
220	2.0
221	2.0
222	2.0
223	2.0
224	2.0
225	2.0
226	2.0
227	2.0
228	2.0
229	2.0
230	2.0
231	2.0
232	2.0
233	2.0
234	2.0
235	2.0
236	2.0
237	2.0
238	2.0
239	2.0
240	2.0
241	2.0
242	2.0
243	2.0
244	2.0
245	2.0
246	2.0
247	2.0
249	2.0
250	2.0
251	2.0
252	2.0
253	2.0
254	2.0
255	2.0
256	2.0
257	2.0
258	2.0
259	2.0
260	2.0
261	2.0
262	2.0
263	2.0
264	2.0
266	2.0
267	2.0
268	2.0
269	2.0
270	2.0
271	2.0
272	2.0
273	2.0
274	2.0
275	2.0
276	2.0
277	2.0
278	2.0
279	2.0
280	2.0
281	2.0
282	2.0
283	2.0
284	2.0
285	2.0
286	2.0
287	2.0
288	2.0
289	2.0
290	2.0
291	2.0
292	2.0
293	2.0
294	2.0
295	2.0
296	2.0
297	2.0
298	2.0
299	2.0
300	2.0
301	2.0
302	2.0
303	2.0
304	2.0
305	2.0
306	2.0
307	2.0
308	2.0
309	2.0
310	2.0
311	2.0
312	2.0
313	2.0
314	2.0
315	2.0
316	2.0
317	2.0
318	2.0
319	2.0
320	2.0
321	2.0
322	2.0
323	2.0
324	2.0
325	2.0
11	1.0
56	1.0
84	1.0
128	1.0
131	1.0
152	1.0
208	1.0
248	1.0
19	0.0
127	0.0
130	0.0
136	0.0
202	0.0
265	0.0
