Length
1	2	3	4	5	6	7	8	9	10	11	12	13	14
35	34	35	35	35	34	35	34	35	35	35	35	34	35

design
9	36	7	4	7	27	4	13	1	1	14	8	3	6
11	38	9	16	19	38	8	22	3	5	23	17	5	24
16	40	10	19	27	41	37	28	10	6	32	23	11	37
29	41	26	20	28	47	43	33	13	17	40	26	49	57
46	65	42	33	46	48	44	34	18	18	57	29	50	65
54	66	47	34	58	49	52	35	21	21	59	32	51	77
81	71	48	35	61	50	55	42	22	25	64	60	52	78
82	73	53	44	92	61	64	55	24	30	78	66	54	79
83	75	68	45	94	68	94	67	30	31	79	89	71	80
84	76	74	53	104	87	96	92	31	39	80	107	77	91
85	81	88	76	105	95	97	93	36	43	88	125	90	106
86	82	99	103	109	98	102	99	39	84	89	139	95	111
96	83	100	124	114	104	126	100	45	85	93	147	102	116
97	87	101	127	141	110	130	101	51	86	108	148	108	117
107	90	109	128	149	128	132	115	59	98	116	151	117	122
113	91	110	142	150	141	133	143	60	121	122	156	129	132
120	103	114	150	181	142	146	144	67	124	134	166	135	133
121	111	118	152	182	151	168	160	73	125	145	171	136	134
127	140	126	154	184	153	170	162	75	130	156	178	137	137
131	147	131	167	185	154	175	163	113	138	158	202	139	169
135	148	146	181	186	162	176	164	120	140	166	205	155	179
136	152	157	187	191	163	177	182	129	157	169	206	158	180
138	178	174	189	196	164	198	183	145	160	171	207	168	188
143	179	192	195	208	189	199	197	153	167	197	209	180	195
149	183	193	210	210	192	200	206	170	187	198	214	188	202
175	186	194	212	212	193	203	207	174	190	199	217	213	213
176	191	196	224	215	194	221	209	190	219	200	219	239	214
177	201	220	229	218	203	223	222	208	225	217	235	245	231
184	215	223	240	222	220	228	224	218	226	229	236	252	241
185	221	226	241	231	232	235	242	230	227	234	237	253	245
201	225	227	248	252	239	236	256	232	230	238	262	257	248
205	233	228	249	253	254	237	264	238	246	256	265	259	259
234	272	233	260	254	255	250	266	250	247	258	271	263	267
251	274	240	261	260	274	263	267	257	264	262	273	269	272
255	0	247	269	261	0	273	0	258	265	271	275	0	275

expected score
1.0	0.386

2.0	0.401

3.0	0.435

4.0	0.368

5.0	0.35

6.0	0.375

7.0	0.394

8.0	0.308

9.0	0.396

10.0	0.482

11.0	0.389

12.0	0.375

13.0	0.398

14.0	0.395

Categorical variables
UNIT
S032651	0	0	0	0	0	0	0	0	2	2	0	0	0	0
S032665	0	0	0	3	0	0	0	3	0	0	0	0	0	0
S042049	0	0	2	0	0	2	0	0	0	0	0	0	0	0
S042051	0	0	0	0	0	2	0	0	0	0	0	0	2	0
S042222	0	0	0	0	0	0	0	0	0	0	3	0	0	3
S042228	3	3	0	0	0	0	0	0	0	0	0	0	0	0
S042238	3	0	0	0	0	0	0	0	0	3	0	0	0	0
S042293	2	0	0	0	0	0	2	0	0	0	0	0	0	0
S042300	0	0	3	0	0	0	0	3	0	0	0	0	0	0
S052085	0	0	0	0	0	0	2	0	0	0	0	0	0	2
S052090	2	0	0	0	0	0	0	0	0	0	0	0	2	0
S052112	0	2	0	0	0	0	0	0	0	0	0	2	0	0
S052165	0	0	0	0	0	3	0	3	0	0	0	0	0	0
S052243	3	0	0	0	0	0	3	0	0	0	0	0	0	0
S052263	2	0	0	0	2	0	0	0	0	0	0	0	0	0
S052289	0	0	3	0	0	3	0	0	0	0	0	0	0	0
S052303	0	0	0	0	0	0	2	0	0	0	2	0	0	0
S062024	0	0	0	0	0	0	0	2	0	0	0	2	0	0
S062091	0	0	2	0	0	0	0	0	0	2	0	0	0	0
S062103	0	0	0	0	0	1	0	0	1	0	0	0	0	0
S062116	0	0	0	0	0	0	3	0	0	0	0	3	0	0
S062173	0	0	0	0	2	0	0	0	0	0	0	0	2	0
S062211	0	0	0	2	2	0	0	0	0	0	0	0	0	0

Content_Domain
Biology	13	13	13	13	11	13	13	13	11	13	13	13	13	13
Physics	8	7	8	8	8	7	8	8	8	8	8	7	8	8
Chemistry	7	7	7	7	7	7	7	6	7	7	7	7	6	6
Earth_Science	7	7	7	7	9	7	7	7	9	7	7	8	7	8

Cognitive_Domain
Knowing	13	11	9	13	10	9	12	14	14	16	10	11	12	13
Applying	7	16	17	11	15	14	11	12	15	12	18	12	12	13
Reasoning	15	7	9	11	10	11	12	8	6	7	7	12	10	9

Item_Type
CR	19	15	17	15	20	18	19	18	13	12	14	16	15	17
MC	16	19	18	20	15	16	16	16	22	23	21	19	19	18

Topic
2	14	19	13	13	10	13	12	10	13	17	8	15	14	16
1	16	12	18	9	13	14	14	13	15	11	16	11	12	13
3	4	3	3	8	11	6	6	5	5	5	8	6	8	4
4	1	0	1	2	1	1	3	3	2	2	3	3	0	2
5	0	0	0	3	0	0	0	3	0	0	0	0	0	0

Biology_Knowing
1	5	4	5	6	5	2	3	4	4	8	1	3	4	1
0	30	30	30	29	30	32	32	30	31	27	34	32	30	34

Biology_Applying
0	32	27	29	34	31	26	32	29	30	30	25	29	29	28
1	3	7	6	1	4	8	3	5	5	5	10	6	5	7

Biology_Reasoning
0	30	32	33	29	33	31	28	30	33	35	33	31	30	30
1	5	2	2	6	2	3	7	4	2	0	2	4	4	5

Chemistry_Knowing
0	33	33	34	32	33	32	33	30	32	32	32	32	32	32
1	2	1	1	3	2	2	2	4	3	3	3	3	2	3

Chemistry_Applying
0	33	30	33	32	32	32	31	33	32	33	33	34	31	34
1	2	4	2	3	3	2	4	1	3	2	2	1	3	1

Chemistry_Reasoning
0	32	32	31	34	33	31	34	33	34	33	33	32	33	33
1	3	2	4	1	2	3	1	1	1	2	2	3	1	2

Physics_Knowing
0	33	31	34	33	34	31	33	31	33	34	32	34	33	32
1	2	3	1	2	1	3	2	3	2	1	3	1	1	3

Physics_Applying
0	34	32	31	31	30	34	33	31	31	31	32	32	31	32
1	1	2	4	4	5	0	2	3	4	4	3	3	3	3

Physics_Reasoning
0	30	32	32	33	33	30	31	32	33	32	33	32	30	33
1	5	2	3	2	2	4	4	2	2	3	2	3	4	2

Earth_Knowing
0	31	31	33	33	33	32	30	31	30	31	32	31	29	29
1	4	3	2	2	2	2	5	3	5	4	3	4	5	6

Earth_Applying
0	34	31	30	32	32	30	33	31	32	34	32	33	33	33
1	1	3	5	3	3	4	2	3	3	1	3	2	1	2

Earth_Reasoning
0	33	33	35	33	31	33	35	33	34	33	34	33	33	35
1	2	1	0	2	4	1	0	1	1	2	1	2	1	0

Sum variables

Overlap matrix
	1	2	3	4	5	6	7	8	9	10	11	12	13	14
1	35	4	2	2	4	1	5	1	2	5	1	3	4	0
2	4	34	1	3	3	4	1	1	3	2	1	4	2	5
3	2	1	35	2	4	8	4	4	2	4	1	1	0	0
4	2	3	2	35	7	4	2	4	1	3	1	0	1	3
5	4	3	4	7	35	5	1	4	2	0	0	0	2	1
6	1	4	8	4	5	34	1	3	2	1	0	1	4	0
7	5	1	4	2	1	1	35	1	2	2	4	5	4	3
8	1	1	4	4	4	3	1	34	3	2	3	3	0	1
9	2	3	2	1	2	2	2	3	35	8	4	1	4	1
10	5	2	4	3	0	1	2	2	8	35	0	4	1	1
11	1	1	1	1	0	0	4	3	4	0	35	9	2	8
12	3	4	1	0	0	1	5	3	1	4	9	35	1	3
13	4	2	0	1	2	4	4	0	4	1	2	1	34	8
14	0	5	0	3	1	0	3	1	1	1	8	3	8	35

Item use
1	2.0
3	2.0
4	2.0
5	2.0
6	2.0
7	2.0
8	2.0
9	2.0
10	2.0
11	2.0
13	2.0
16	2.0
17	2.0
18	2.0
19	2.0
21	2.0
22	2.0
23	2.0
24	2.0
26	2.0
27	2.0
28	2.0
29	2.0
30	2.0
31	2.0
32	2.0
33	2.0
34	2.0
35	2.0
36	2.0
37	2.0
38	2.0
39	2.0
40	2.0
41	2.0
42	2.0
43	2.0
44	2.0
45	2.0
46	2.0
47	2.0
48	2.0
49	2.0
50	2.0
51	2.0
52	2.0
53	2.0
54	2.0
55	2.0
57	2.0
59	2.0
60	2.0
61	2.0
64	2.0
65	2.0
66	2.0
67	2.0
68	2.0
71	2.0
73	2.0
75	2.0
76	2.0
77	2.0
78	2.0
79	2.0
80	2.0
81	2.0
82	2.0
83	2.0
84	2.0
85	2.0
86	2.0
87	2.0
88	2.0
89	2.0
90	2.0
91	2.0
92	2.0
93	2.0
94	2.0
95	2.0
96	2.0
97	2.0
98	2.0
99	2.0
100	2.0
101	2.0
102	2.0
103	2.0
104	2.0
107	2.0
108	2.0
109	2.0
110	2.0
111	2.0
113	2.0
114	2.0
116	2.0
117	2.0
120	2.0
121	2.0
122	2.0
124	2.0
125	2.0
126	2.0
127	2.0
128	2.0
129	2.0
130	2.0
131	2.0
132	2.0
133	2.0
134	2.0
135	2.0
136	2.0
137	2.0
138	2.0
139	2.0
140	2.0
141	2.0
142	2.0
143	2.0
145	2.0
146	2.0
147	2.0
148	2.0
149	2.0
150	2.0
151	2.0
152	2.0
153	2.0
154	2.0
156	2.0
157	2.0
158	2.0
160	2.0
162	2.0
163	2.0
164	2.0
166	2.0
167	2.0
168	2.0
169	2.0
170	2.0
171	2.0
174	2.0
175	2.0
176	2.0
177	2.0
178	2.0
179	2.0
180	2.0
181	2.0
182	2.0
183	2.0
184	2.0
185	2.0
186	2.0
187	2.0
188	2.0
189	2.0
190	2.0
191	2.0
192	2.0
193	2.0
194	2.0
195	2.0
196	2.0
197	2.0
198	2.0
199	2.0
200	2.0
201	2.0
202	2.0
203	2.0
205	2.0
206	2.0
207	2.0
208	2.0
209	2.0
210	2.0
212	2.0
213	2.0
214	2.0
215	2.0
217	2.0
218	2.0
219	2.0
220	2.0
221	2.0
222	2.0
223	2.0
224	2.0
225	2.0
226	2.0
227	2.0
228	2.0
229	2.0
230	2.0
231	2.0
232	2.0
233	2.0
234	2.0
235	2.0
236	2.0
237	2.0
238	2.0
239	2.0
240	2.0
241	2.0
245	2.0
247	2.0
248	2.0
250	2.0
252	2.0
253	2.0
254	2.0
255	2.0
256	2.0
257	2.0
258	2.0
259	2.0
260	2.0
261	2.0
262	2.0
263	2.0
264	2.0
265	2.0
267	2.0
269	2.0
271	2.0
272	2.0
273	2.0
274	2.0
275	2.0
14	1.0
20	1.0
25	1.0
58	1.0
74	1.0
105	1.0
106	1.0
115	1.0
118	1.0
144	1.0
155	1.0
242	1.0
246	1.0
249	1.0
251	1.0
266	1.0
2	0.0
12	0.0
15	0.0
56	0.0
62	0.0
63	0.0
69	0.0
70	0.0
72	0.0
112	0.0
119	0.0
123	0.0
159	0.0
161	0.0
165	0.0
172	0.0
173	0.0
204	0.0
211	0.0
216	0.0
243	0.0
244	0.0
268	0.0
270	0.0
276	0.0
