Length
1	2	3	4	5	6	7	8	9	10	11	12	13	14
45	45	45	45	45	45	45	45	45	45	45	45	45	45

design
6	6	8	5	7	35	13	12	27	4	3	2	2	8
7	9	22	10	11	37	14	13	28	5	4	22	3	59
17	12	23	20	16	42	15	40	29	16	9	39	5	63
35	14	24	27	43	52	17	70	31	31	16	46	10	64
37	15	25	28	52	56	32	87	33	38	30	62	30	94
40	23	26	29	66	60	44	88	41	39	40	74	32	96
42	33	33	43	67	61	59	98	45	41	46	80	38	101
50	62	45	50	68	63	78	99	58	47	81	82	57	110
53	81	47	56	69	64	79	100	71	48	82	87	87	117
54	86	48	58	85	70	86	104	72	49	89	88	102	121
55	92	49	76	101	71	90	106	73	50	104	91	114	140
57	93	63	110	103	72	92	107	74	57	105	98	115	141
77	96	64	111	108	77	96	112	91	61	106	99	116	142
83	102	66	117	123	78	103	119	94	76	107	100	123	143
85	105	67	121	139	79	106	120	118	92	108	110	127	146
90	111	68	137	157	80	107	122	154	95	129	113	128	147
91	113	69	138	172	81	133	133	155	112	151	118	131	158
94	134	73	140	173	89	137	148	167	129	152	119	132	170
122	135	83	141	204	109	138	151	168	139	156	120	145	177
156	137	90	142	211	128	149	160	169	146	158	145	164	184
170	145	93	143	217	131	150	161	171	159	180	146	165	188
181	149	114	147	224	132	152	162	177	177	183	149	197	189
183	153	115	157	234	147	153	163	179	181	185	150	198	208
187	154	116	160	238	148	159	186	184	190	217	151	199	220
188	155	124	161	239	164	164	187	185	223	233	165	200	225
189	157	125	162	248	196	172	197	191	225	240	179	205	226
192	167	126	163	252	206	175	198	196	226	253	182	208	227
203	168	134	171	253	236	201	199	203	227	260	183	212	228
204	169	135	176	259	244	216	200	209	228	263	191	213	229
209	175	167	195	266	252	220	206	219	232	266	201	214	238
210	176	168	197	267	258	221	207	230	234	267	205	215	242
221	180	169	198	268	266	224	210	233	236	268	207	241	243
222	186	171	199	269	267	232	231	239	250	269	216	242	246
223	192	173	200	273	268	243	240	247	258	278	217	262	250
245	195	174	212	280	269	249	249	253	260	279	222	271	264
263	211	190	213	292	270	251	259	272	277	284	230	274	280
274	219	229	214	295	282	270	261	277	282	297	231	275	285
275	237	246	215	305	283	277	272	279	283	298	237	276	297
276	245	261	223	306	286	285	273	281	286	299	251	287	298
296	246	274	244	307	293	290	284	288	290	300	264	289	299
302	247	275	248	308	311	302	287	291	294	301	271	309	300
310	252	276	262	315	312	308	291	294	302	304	278	315	301
314	303	281	289	317	315	311	296	295	306	310	292	319	318
316	305	303	304	318	321	312	314	303	307	322	307	320	319
321	323	318	309	322	325	322	316	323	321	325	324	324	320

expected score
1.0	0.512

2.0	0.497

3.0	0.569

4.0	0.568

5.0	0.547

6.0	0.515

7.0	0.507

8.0	0.515

9.0	0.563

10.0	0.518

11.0	0.547

12.0	0.556

13.0	0.577

14.0	0.608

Categorical variables
UNIT
S042049	0	0	0	1	0	0	0	0	0	1	0	0	1	0
S042222	0	0	3	0	0	0	0	0	0	0	0	0	0	0
S042228	0	0	0	3	0	0	0	0	3	0	0	0	0	0
S042300	2	0	0	0	0	2	0	0	0	0	0	0	0	0
S052015	0	0	3	0	0	0	0	0	0	3	0	0	0	0
S052043	3	0	0	0	0	0	0	0	0	0	0	0	0	0
S052085	0	0	2	0	0	2	0	0	0	0	0	0	0	2
S052092	0	0	4	0	4	0	0	0	0	0	0	0	0	0
S052095	0	0	0	0	0	2	0	0	2	0	0	0	0	0
S052112	0	0	0	0	0	2	2	0	0	0	0	0	0	0
S052243	0	0	0	0	0	0	0	3	0	0	0	3	0	0
S052263	0	0	0	0	0	0	2	2	0	0	2	0	0	0
S052289	0	0	3	0	0	0	0	0	0	0	0	0	3	0
S052303	0	0	0	0	0	0	0	2	0	0	0	2	0	0
S062010	0	0	3	0	0	0	0	0	0	0	0	0	0	0
S062018	0	0	0	0	0	2	0	0	0	0	0	0	2	0
S062022	0	0	0	0	0	1	0	0	0	0	0	0	1	0
S062024	0	2	2	0	0	0	0	0	0	0	0	0	0	0
S062042	0	0	0	4	0	0	0	0	0	0	0	0	0	4
S062091	0	2	0	0	0	0	0	0	2	0	0	0	0	0
S062101	0	0	0	4	0	0	0	4	0	0	0	0	0	0
S062116	0	3	3	0	0	0	0	0	3	0	0	0	0	0
S062189	2	0	0	0	0	0	0	0	0	0	0	0	0	2
S062243	0	0	0	4	0	0	0	4	0	0	0	0	4	0
S072000	0	0	0	4	0	0	0	0	0	0	0	0	4	0
S072033	0	0	0	0	0	0	0	0	0	4	0	0	0	4
S072143	0	0	0	0	0	0	0	0	0	0	0	0	0	0
S072232	0	0	0	0	4	4	0	0	0	0	4	0	0	0
S072260	3	0	3	0	0	0	0	0	0	0	0	0	3	0
S072265	0	0	0	0	0	3	0	0	0	3	0	0	0	0
S072345	0	0	0	0	0	0	0	0	0	0	5	0	0	5
S072403	0	0	0	0	0	2	2	0	0	0	0	0	0	0
S072900	0	0	0	0	0	0	0	0	0	0	0	0	2	2
S072905	0	1	0	0	0	0	0	0	1	0	0	0	0	0

Content_Domain
Biology	15	15	15	16	15	16	15	15	15	15	15	15	15	15
Chemistry	9	9	9	9	9	9	9	9	9	9	9	9	9	9
Physics	13	11	11	11	13	10	13	11	12	13	11	13	11	11
Earth_Science	8	10	10	9	8	10	8	10	9	8	10	8	10	10

Cognitive_Domain
Applying	16	16	15	15	15	16	15	16	15	15	15	16	16	16
Knowing	15	15	16	16	15	15	16	16	15	15	15	15	15	16
Reasoning	14	14	14	14	15	14	14	13	15	15	15	14	14	13

Item_Type
MC	30	30	30	30	30	30	30	30	30	30	30	30	30	31
CR	15	15	15	15	15	15	15	15	15	15	15	15	15	14

New_Cycle
0	12	9	15	8	12	6	12	10	8	10	12	8	11	4
1	30	34	28	35	30	37	29	31	34	33	28	34	32	38

Topic

Biology_Knowing
0	39	41	40	39	39	40	40	39	41	39	39	40	40	38
1	6	4	5	6	6	5	5	6	4	6	6	5	5	7

Biology_Applying
1	5	7	4	4	5	6	5	5	7	5	4	6	6	4
0	40	38	41	41	40	39	40	40	38	40	41	39	39	41

Biology_Reasoning
0	41	41	39	39	41	40	40	41	41	41	40	41	41	41
1	4	4	6	6	4	5	5	4	4	4	5	4	4	4

Chemistry_Knowing
0	42	42	41	42	42	42	42	41	42	42	42	42	41	42
1	3	3	4	3	3	3	3	4	3	3	3	3	4	3

Chemistry_Applying
0	41	42	42	42	42	42	42	42	42	42	42	42	42	42
1	4	3	3	3	3	3	3	3	3	3	3	3	3	3

Chemistry_Reasoning
0	43	42	43	42	42	42	42	43	42	42	42	42	43	42
1	2	3	2	3	3	3	3	2	3	3	3	3	2	3

Physics_Knowing
0	42	42	42	41	42	42	41	42	42	42	42	42	42	42
1	3	3	3	4	3	3	4	3	3	3	3	3	3	3

Physics_Applying
0	41	42	41	39	41	42	40	40	42	41	42	40	41	41
1	4	3	4	6	4	3	5	5	3	4	3	5	4	4

Physics_Reasoning
0	39	40	41	44	39	41	41	42	39	39	40	40	41	41
1	6	5	4	1	6	4	4	3	6	6	5	5	4	4

Earth_Knowing
0	42	40	41	42	42	41	41	42	40	42	42	41	42	42
1	3	5	4	3	3	4	4	3	5	3	3	4	3	3

Earth_Applying
0	42	42	41	43	42	41	43	42	43	42	40	43	42	40
1	3	3	4	2	3	4	2	3	2	3	5	2	3	5

Earth_Reasoning
0	43	43	43	41	43	43	43	41	43	43	43	43	41	43
1	2	2	2	4	2	2	2	4	2	2	2	2	4	2

Sum variables

Overlap matrix
	1	2	3	4	5	6	7	8	9	10	11	12	13	14
1	45	3	5	2	3	5	4	7	4	6	5	3	4	4
2	3	45	10	5	4	2	9	2	10	1	4	5	2	2
3	5	10	45	1	6	2	1	1	9	4	0	1	6	6
4	2	5	1	45	3	3	2	8	5	4	1	1	13	8
5	3	4	6	3	45	7	5	2	3	5	9	3	2	4
6	5	2	2	3	7	45	6	3	3	7	7	1	5	3
7	4	9	1	2	5	6	45	5	1	6	4	5	2	5
8	7	2	1	8	2	3	5	45	2	1	7	10	6	0
9	4	10	9	5	3	3	1	2	45	5	4	6	0	3
10	6	1	4	4	5	7	6	1	5	45	4	3	3	7
11	5	4	0	1	9	7	4	7	4	4	45	6	2	6
12	3	5	1	1	3	1	5	10	6	3	6	45	7	3
13	4	2	6	13	2	5	2	6	0	3	2	7	45	4
14	4	2	6	8	4	3	5	0	3	7	6	3	4	45

Item use
5	3.0
16	3.0
33	3.0
40	3.0
50	3.0
57	3.0
63	3.0
64	3.0
81	3.0
87	3.0
90	3.0
91	3.0
92	3.0
94	3.0
96	3.0
106	3.0
107	3.0
110	3.0
137	3.0
145	3.0
146	3.0
147	3.0
149	3.0
151	3.0
157	3.0
164	3.0
167	3.0
168	3.0
169	3.0
171	3.0
177	3.0
183	3.0
197	3.0
198	3.0
199	3.0
200	3.0
217	3.0
223	3.0
246	3.0
252	3.0
253	3.0
266	3.0
267	3.0
268	3.0
269	3.0
274	3.0
275	3.0
276	3.0
277	3.0
302	3.0
303	3.0
307	3.0
315	3.0
318	3.0
321	3.0
322	3.0
2	2.0
3	2.0
4	2.0
6	2.0
7	2.0
8	2.0
9	2.0
10	2.0
12	2.0
13	2.0
14	2.0
15	2.0
17	2.0
22	2.0
23	2.0
27	2.0
28	2.0
29	2.0
30	2.0
31	2.0
32	2.0
35	2.0
37	2.0
38	2.0
39	2.0
41	2.0
42	2.0
43	2.0
45	2.0
46	2.0
47	2.0
48	2.0
49	2.0
52	2.0
56	2.0
58	2.0
59	2.0
61	2.0
62	2.0
66	2.0
67	2.0
68	2.0
69	2.0
70	2.0
71	2.0
72	2.0
73	2.0
74	2.0
76	2.0
77	2.0
78	2.0
79	2.0
80	2.0
82	2.0
83	2.0
85	2.0
86	2.0
88	2.0
89	2.0
93	2.0
98	2.0
99	2.0
100	2.0
101	2.0
102	2.0
103	2.0
104	2.0
105	2.0
108	2.0
111	2.0
112	2.0
113	2.0
114	2.0
115	2.0
116	2.0
117	2.0
118	2.0
119	2.0
120	2.0
121	2.0
122	2.0
123	2.0
128	2.0
129	2.0
131	2.0
132	2.0
133	2.0
134	2.0
135	2.0
138	2.0
139	2.0
140	2.0
141	2.0
142	2.0
143	2.0
148	2.0
150	2.0
152	2.0
153	2.0
154	2.0
155	2.0
156	2.0
158	2.0
159	2.0
160	2.0
161	2.0
162	2.0
163	2.0
165	2.0
170	2.0
172	2.0
173	2.0
175	2.0
176	2.0
179	2.0
180	2.0
181	2.0
184	2.0
185	2.0
186	2.0
187	2.0
188	2.0
189	2.0
190	2.0
191	2.0
192	2.0
195	2.0
196	2.0
201	2.0
203	2.0
204	2.0
205	2.0
206	2.0
207	2.0
208	2.0
209	2.0
210	2.0
211	2.0
212	2.0
213	2.0
214	2.0
215	2.0
216	2.0
219	2.0
220	2.0
221	2.0
222	2.0
224	2.0
225	2.0
226	2.0
227	2.0
228	2.0
229	2.0
230	2.0
231	2.0
232	2.0
233	2.0
234	2.0
236	2.0
237	2.0
238	2.0
239	2.0
240	2.0
242	2.0
243	2.0
244	2.0
245	2.0
247	2.0
248	2.0
249	2.0
250	2.0
251	2.0
258	2.0
259	2.0
260	2.0
261	2.0
262	2.0
263	2.0
264	2.0
270	2.0
271	2.0
272	2.0
273	2.0
278	2.0
279	2.0
280	2.0
281	2.0
282	2.0
283	2.0
284	2.0
285	2.0
286	2.0
287	2.0
289	2.0
290	2.0
291	2.0
292	2.0
294	2.0
295	2.0
296	2.0
297	2.0
298	2.0
299	2.0
300	2.0
301	2.0
304	2.0
305	2.0
306	2.0
308	2.0
309	2.0
310	2.0
311	2.0
312	2.0
314	2.0
316	2.0
319	2.0
320	2.0
323	2.0
324	2.0
325	2.0
11	1.0
20	1.0
24	1.0
25	1.0
26	1.0
44	1.0
53	1.0
54	1.0
55	1.0
60	1.0
95	1.0
109	1.0
124	1.0
125	1.0
126	1.0
127	1.0
174	1.0
182	1.0
241	1.0
288	1.0
293	1.0
317	1.0
1	0.0
18	0.0
19	0.0
21	0.0
34	0.0
36	0.0
51	0.0
65	0.0
75	0.0
84	0.0
97	0.0
130	0.0
136	0.0
144	0.0
166	0.0
178	0.0
193	0.0
194	0.0
202	0.0
218	0.0
235	0.0
254	0.0
255	0.0
256	0.0
257	0.0
265	0.0
313	0.0
