Length
1	2	3	4	5	6	7	8	9	10	11	12	13	14
45	45	45	45	45	45	45	45	45	45	45	45	45	45

design
5	5	3	4	6	1	9	1	10	21	4	6	2	7
33	8	7	8	33	2	15	3	45	31	18	14	12	11
38	15	12	9	46	13	23	21	47	35	22	20	27	39
40	16	13	10	52	17	32	40	48	37	31	24	28	50
58	20	16	14	62	18	36	41	49	41	34	25	29	70
61	59	17	22	73	30	42	51	51	53	60	26	32	78
73	76	24	23	77	34	43	57	59	54	83	39	35	79
83	86	25	27	87	42	44	70	80	55	89	60	36	82
85	91	26	28	92	52	45	75	90	66	106	61	37	94
88	93	30	29	93	58	63	88	105	67	107	63	38	108
104	95	46	43	111	65	64	90	136	68	109	64	53	113
118	96	47	50	122	86	74	97	137	69	110	65	54	117
146	101	48	57	139	91	78	101	145	103	123	66	55	138
157	102	49	62	147	103	79	102	148	112	138	67	81	140
164	113	56	71	151	124	96	106	154	133	145	68	87	141
170	114	71	72	153	125	105	107	155	144	147	69	98	142
174	115	72	82	158	126	109	117	159	152	149	74	99	143
176	116	76	85	160	128	128	121	172	174	150	75	100	171
179	119	77	94	161	131	131	123	173	181	156	80	108	195
180	120	81	104	162	133	137	149	175	182	157	89	114	203
188	124	92	110	163	164	150	170	176	187	166	95	115	204
189	125	134	111	172	166	153	178	178	193	184	97	116	220
190	126	135	122	173	197	175	197	182	201	192	98	132	223
191	134	139	132	184	198	181	198	186	210	210	99	144	224
201	135	152	140	196	199	183	199	192	225	217	100	158	225
207	151	156	141	203	200	185	200	193	226	239	112	165	226
221	154	159	142	204	206	207	220	206	227	241	118	171	227
222	155	167	143	205	211	216	232	208	228	254	119	177	228
223	165	168	160	211	218	217	234	209	231	255	120	188	231
230	167	169	161	236	222	236	235	212	235	256	121	189	254
234	168	177	162	237	232	240	239	213	237	257	146	191	255
243	169	183	163	238	241	243	242	214	244	266	148	194	256
244	186	219	185	252	258	249	245	215	247	267	179	212	257
246	194	233	187	258	266	251	260	219	261	268	180	213	260
250	209	245	196	263	267	252	274	224	264	269	190	214	262
259	218	273	221	279	268	261	275	229	270	290	195	215	272
263	242	279	229	293	269	262	276	238	282	297	205	233	278
271	250	282	230	294	284	264	277	247	283	298	208	259	281
288	280	283	246	302	289	292	278	249	285	299	216	274	288
290	281	286	253	304	309	295	284	271	286	300	240	275	292
296	291	287	273	307	310	308	285	272	297	301	251	276	295
306	303	294	289	314	313	311	307	287	298	304	253	277	305
319	306	311	291	319	316	312	308	303	299	317	270	280	310
320	315	312	302	320	321	315	316	305	300	321	296	293	313
323	323	318	325	325	324	317	322	309	301	322	314	324	318

expected score
1.0	0.485

2.0	0.521

3.0	0.567

4.0	0.524

5.0	0.509

6.0	0.603

7.0	0.461

8.0	0.508

9.0	0.537

10.0	0.558

11.0	0.527

12.0	0.481

13.0	0.599

14.0	0.571

Categorical variables
UNIT
S042049	1	1	0	0	0	0	0	0	0	0	0	0	0	0
S042222	0	0	3	0	0	0	0	0	0	0	0	3	0	0
S042228	0	0	0	3	0	0	0	0	0	0	0	0	3	0
S042300	0	0	0	0	0	0	0	0	0	2	0	0	2	0
S052015	0	0	3	0	0	0	0	0	3	0	0	0	0	0
S052043	0	0	0	0	0	0	0	0	0	3	0	0	3	0
S052085	0	0	0	0	0	0	2	0	0	0	0	2	0	0
S052092	0	0	0	0	0	0	0	0	0	4	0	4	0	0
S052095	0	0	2	2	0	0	0	0	0	0	0	0	0	0
S052112	0	0	0	0	0	0	2	0	0	0	0	0	0	2
S052243	0	0	0	0	0	0	0	0	0	0	0	3	3	0
S052263	0	0	0	0	0	0	0	2	0	0	2	0	0	0
S052289	0	3	0	0	0	0	0	0	0	0	0	0	3	0
S052303	0	2	0	0	0	0	0	0	0	0	0	2	0	0
S062010	0	3	0	0	0	3	0	0	0	0	0	0	0	0
S062018	0	0	0	0	0	2	2	0	0	0	0	0	0	0
S062022	0	0	0	1	0	0	0	0	0	0	0	0	1	0
S062024	0	2	2	0	0	0	0	0	0	0	0	0	0	0
S062042	0	0	0	4	0	0	0	0	0	0	0	0	0	4
S062091	0	2	0	0	0	0	0	0	2	0	0	0	0	0
S062101	0	0	0	4	4	0	0	0	0	0	0	0	0	0
S062116	0	3	3	0	0	0	0	0	0	0	0	0	0	0
S062189	2	0	0	0	0	0	0	0	0	0	0	0	2	0
S062243	0	0	0	0	0	4	0	4	0	0	0	0	0	0
S072000	0	0	0	0	0	0	0	0	4	0	0	0	4	0
S072033	0	0	0	0	0	0	0	0	0	4	0	0	0	4
S072143	0	0	0	0	0	0	0	0	0	0	4	0	0	4
S072232	0	0	0	0	0	4	0	0	0	0	4	0	0	0
S072260	0	0	0	0	0	0	0	3	0	0	0	0	3	0
S072265	0	0	3	0	0	0	0	0	0	3	0	0	0	0
S072345	0	0	0	0	0	0	0	0	0	5	5	0	0	0
S072403	0	0	2	0	0	0	2	0	0	0	0	0	0	0
S072900	2	0	0	0	2	0	0	0	0	0	0	0	0	0
S072905	1	1	0	0	0	0	0	0	0	0	0	0	0	0

Content_Domain
Biology	15	16	15	16	15	15	16	15	15	15	16	16	15	15
Chemistry	9	9	9	9	9	9	9	9	9	9	9	9	9	9
Physics	13	10	11	12	11	12	11	13	13	12	11	12	11	13
Earth_Science	8	10	10	8	10	9	9	8	8	9	9	8	10	8

Cognitive_Domain
Applying	17	18	18	19	14	13	18	17	27	21	16	22	19	11
Knowing	17	15	16	16	20	19	16	10	12	21	8	14	14	22
Reasoning	11	12	11	10	11	13	11	18	6	3	21	9	12	12

Item_Type
MC	25	30	34	27	30	34	26	30	33	33	29	21	30	36
CR	20	15	11	18	15	11	19	15	12	12	16	24	15	9

New_Cycle
0	8	14	12	15	6	10	8	9	2	14	8	16	17	5
1	36	28	30	29	35	28	34	32	40	23	36	26	23	38

Topic

Biology_Knowing
0	40	42	40	37	34	40	39	42	41	37	42	39	40	39
1	5	3	5	8	11	5	6	3	4	8	3	6	5	6

Biology_Applying
1	4	7	7	6	3	8	5	8	11	7	5	7	9	6
0	41	38	38	39	42	37	40	37	34	38	40	38	36	39

Biology_Reasoning
0	39	39	42	43	44	43	40	41	45	45	37	42	44	42
1	6	6	3	2	1	2	5	4	0	0	8	3	1	3

Chemistry_Knowing
0	41	39	43	44	44	39	41	42	42	41	44	41	44	41
1	4	6	2	1	1	6	4	3	3	4	1	4	1	4

Chemistry_Applying
0	42	44	39	42	42	43	41	42	40	41	43	41	40	45
1	3	1	6	3	3	2	4	3	5	4	2	4	5	0

Chemistry_Reasoning
0	43	43	44	40	40	44	44	42	44	44	39	44	42	40
1	2	2	1	5	5	1	1	3	1	1	6	1	3	5

Physics_Knowing
0	43	41	39	44	42	41	42	42	42	39	43	45	43	38
1	2	4	6	1	3	4	3	3	3	6	2	0	2	7

Physics_Applying
0	37	42	44	36	39	43	40	40	38	40	42	37	43	41
1	8	3	1	9	6	2	5	5	7	5	3	8	2	4

Physics_Reasoning
0	42	42	41	43	43	39	42	40	42	44	39	41	38	43
1	3	3	4	2	2	6	3	5	3	1	6	4	7	2

Earth_Knowing
0	39	43	42	39	40	41	42	44	43	42	43	41	39	40
1	6	2	3	6	5	4	3	1	2	3	2	4	6	5

Earth_Applying
0	43	38	41	44	43	44	41	44	41	40	39	42	42	44
1	2	7	4	1	2	1	4	1	4	5	6	3	3	1

Earth_Reasoning
0	45	44	42	44	42	41	43	39	43	44	44	44	44	43
1	0	1	3	1	3	4	2	6	2	1	1	1	1	2

Sum variables

Overlap matrix
	1	2	3	4	5	6	7	8	9	10	11	12	13	14
1	45	4	0	5	5	3	2	4	2	3	3	7	5	2
2	4	45	7	2	2	6	3	3	6	0	0	4	6	2
3	0	7	45	3	6	3	3	2	6	4	1	3	4	2
4	5	2	3	45	10	1	4	1	2	1	3	2	4	7
5	5	2	6	10	45	3	3	1	3	1	3	3	3	2
6	3	6	3	1	3	45	3	8	2	2	9	1	2	2
7	2	3	3	4	3	3	45	1	5	3	4	6	2	5
8	4	3	2	1	1	8	1	45	3	4	6	3	4	5
9	2	6	6	2	3	2	5	3	45	3	2	3	4	3
10	3	0	4	1	1	2	3	4	3	45	7	6	6	5
11	3	0	1	3	3	9	4	6	2	7	45	2	0	5
12	7	4	3	2	3	1	6	3	3	6	2	45	3	2
13	5	6	4	4	3	2	2	4	4	6	0	3	45	2
14	2	2	2	7	2	2	5	5	3	5	5	2	2	45

Item use
1	2.0
2	2.0
3	2.0
4	2.0
5	2.0
6	2.0
7	2.0
8	2.0
9	2.0
10	2.0
12	2.0
13	2.0
14	2.0
15	2.0
16	2.0
17	2.0
18	2.0
20	2.0
21	2.0
22	2.0
23	2.0
24	2.0
25	2.0
26	2.0
27	2.0
28	2.0
29	2.0
30	2.0
31	2.0
32	2.0
33	2.0
34	2.0
35	2.0
36	2.0
37	2.0
38	2.0
39	2.0
40	2.0
41	2.0
42	2.0
43	2.0
45	2.0
46	2.0
47	2.0
48	2.0
49	2.0
50	2.0
51	2.0
52	2.0
53	2.0
54	2.0
55	2.0
57	2.0
58	2.0
59	2.0
60	2.0
61	2.0
62	2.0
63	2.0
64	2.0
65	2.0
66	2.0
67	2.0
68	2.0
69	2.0
70	2.0
71	2.0
72	2.0
73	2.0
74	2.0
75	2.0
76	2.0
77	2.0
78	2.0
79	2.0
80	2.0
81	2.0
82	2.0
83	2.0
85	2.0
86	2.0
87	2.0
88	2.0
89	2.0
90	2.0
91	2.0
92	2.0
93	2.0
94	2.0
95	2.0
96	2.0
97	2.0
98	2.0
99	2.0
100	2.0
101	2.0
102	2.0
103	2.0
104	2.0
105	2.0
106	2.0
107	2.0
108	2.0
109	2.0
110	2.0
111	2.0
112	2.0
113	2.0
114	2.0
115	2.0
116	2.0
117	2.0
118	2.0
119	2.0
120	2.0
121	2.0
122	2.0
123	2.0
124	2.0
125	2.0
126	2.0
128	2.0
131	2.0
132	2.0
133	2.0
134	2.0
135	2.0
137	2.0
138	2.0
139	2.0
140	2.0
141	2.0
142	2.0
143	2.0
144	2.0
145	2.0
146	2.0
147	2.0
148	2.0
149	2.0
150	2.0
151	2.0
152	2.0
153	2.0
154	2.0
155	2.0
156	2.0
157	2.0
158	2.0
159	2.0
160	2.0
161	2.0
162	2.0
163	2.0
164	2.0
165	2.0
166	2.0
167	2.0
168	2.0
169	2.0
170	2.0
171	2.0
172	2.0
173	2.0
174	2.0
175	2.0
176	2.0
177	2.0
178	2.0
179	2.0
180	2.0
181	2.0
182	2.0
183	2.0
184	2.0
185	2.0
186	2.0
187	2.0
188	2.0
189	2.0
190	2.0
191	2.0
192	2.0
193	2.0
194	2.0
195	2.0
196	2.0
197	2.0
198	2.0
199	2.0
200	2.0
201	2.0
203	2.0
204	2.0
205	2.0
206	2.0
207	2.0
208	2.0
209	2.0
210	2.0
211	2.0
212	2.0
213	2.0
214	2.0
215	2.0
216	2.0
217	2.0
218	2.0
219	2.0
220	2.0
221	2.0
222	2.0
223	2.0
224	2.0
225	2.0
226	2.0
227	2.0
228	2.0
229	2.0
230	2.0
231	2.0
232	2.0
233	2.0
234	2.0
235	2.0
236	2.0
237	2.0
238	2.0
239	2.0
240	2.0
241	2.0
242	2.0
243	2.0
244	2.0
245	2.0
246	2.0
247	2.0
249	2.0
250	2.0
251	2.0
252	2.0
253	2.0
254	2.0
255	2.0
256	2.0
257	2.0
258	2.0
259	2.0
260	2.0
261	2.0
262	2.0
263	2.0
264	2.0
266	2.0
267	2.0
268	2.0
269	2.0
270	2.0
271	2.0
272	2.0
273	2.0
274	2.0
275	2.0
276	2.0
277	2.0
278	2.0
279	2.0
280	2.0
281	2.0
282	2.0
283	2.0
284	2.0
285	2.0
286	2.0
287	2.0
288	2.0
289	2.0
290	2.0
291	2.0
292	2.0
293	2.0
294	2.0
295	2.0
296	2.0
297	2.0
298	2.0
299	2.0
300	2.0
301	2.0
302	2.0
303	2.0
304	2.0
305	2.0
306	2.0
307	2.0
308	2.0
309	2.0
310	2.0
311	2.0
312	2.0
313	2.0
314	2.0
315	2.0
316	2.0
317	2.0
318	2.0
319	2.0
320	2.0
321	2.0
322	2.0
323	2.0
324	2.0
325	2.0
11	1.0
44	1.0
56	1.0
136	1.0
19	0.0
84	0.0
127	0.0
129	0.0
130	0.0
202	0.0
248	0.0
265	0.0
