Length
1	2	3	4	5	6	7	8	9	10	11	12	13	14
45	45	45	45	45	45	45	45	45	45	45	45	45	45

design
8	2	2	14	5	4	1	1	7	10	4	11	3	7
9	3	13	23	12	9	21	12	10	15	6	14	11	42
20	5	17	36	16	18	32	30	76	16	22	21	15	43
33	6	18	46	23	33	35	36	78	17	31	43	24	44
40	8	20	47	81	35	37	39	79	22	45	51	25	70
58	13	24	48	82	37	39	40	90	31	58	52	26	73
59	27	25	49	85	38	45	41	92	38	60	53	27	83
73	28	26	62	87	41	63	51	134	47	65	54	28	92
74	29	30	71	94	42	64	59	135	48	75	55	29	94
85	34	32	72	111	50	78	88	138	49	83	65	34	98
88	46	44	80	113	52	79	95	145	60	89	66	53	99
104	57	50	87	132	62	89	110	152	66	93	67	54	100
106	61	57	90	154	63	96	117	153	67	101	68	55	102
107	76	61	104	155	64	102	121	165	68	112	69	71	103
138	77	74	105	156	81	103	122	171	69	123	70	72	109
157	91	75	109	160	86	124	123	182	91	124	77	80	112
164	96	93	111	161	105	125	148	186	97	125	82	86	113
170	101	97	140	162	108	126	149	191	134	126	95	108	117
174	114	121	141	163	118	128	150	192	135	145	98	114	139
179	115	146	142	172	128	131	160	193	140	173	99	115	167
182	116	147	143	183	131	137	161	203	141	174	100	116	168
188	118	152	144	184	133	139	162	208	142	217	106	119	169
189	119	159	153	196	147	170	163	210	143	218	107	120	178
191	120	164	175	203	151	175	166	212	149	222	110	122	195
194	150	165	176	217	156	177	190	213	185	232	137	132	204
201	154	177	187	219	158	178	197	214	206	247	146	133	207
211	155	181	194	237	166	180	198	215	216	258	148	144	210
221	158	183	197	239	172	184	199	218	223	262	159	151	225
223	167	190	198	242	185	187	200	221	231	266	179	157	226
230	168	196	199	245	193	188	220	229	235	267	192	171	227
234	169	201	200	258	209	189	224	230	237	268	205	173	228
240	176	225	232	260	224	206	234	240	238	269	209	180	229
243	181	226	233	271	239	207	235	245	244	289	220	204	254
246	186	227	242	282	241	211	238	247	254	293	231	205	255
249	195	228	250	283	246	216	241	252	255	297	243	212	256
271	208	233	253	286	263	222	249	266	256	298	251	213	257
272	219	236	270	287	277	236	250	267	257	299	259	214	263
278	261	244	274	288	281	251	274	268	264	300	270	215	292
290	262	253	275	293	282	252	275	269	279	301	279	260	297
296	280	259	276	302	283	261	276	273	291	308	285	265	298
303	288	273	295	304	284	264	278	290	294	310	296	272	299
306	291	280	311	305	286	277	281	309	306	316	305	287	300
319	294	284	312	307	295	316	285	311	313	321	308	289	301
320	318	303	319	313	304	317	307	312	315	322	322	292	310
323	321	325	320	315	309	323	314	314	317	324	325	318	324

expected score
1.0	0.499

2.0	0.469

3.0	0.467

4.0	0.596

5.0	0.543

6.0	0.54

7.0	0.542

8.0	0.553

9.0	0.544

10.0	0.563

11.0	0.551

12.0	0.502

13.0	0.539

14.0	0.536

Categorical variables
UNIT
S042049	0	1	0	0	1	0	0	0	0	0	0	0	0	0
S042222	0	0	3	0	0	0	0	0	0	0	0	0	3	0
S042228	0	3	0	0	0	0	0	0	0	0	0	0	3	0
S042300	0	0	0	0	0	2	2	0	0	0	0	0	0	0
S052015	0	0	0	3	0	0	0	0	0	3	0	0	0	0
S052043	0	0	0	0	0	0	0	0	0	0	0	3	3	0
S052085	0	0	0	0	0	2	2	0	0	0	0	0	0	0
S052092	0	0	0	0	0	0	0	0	0	4	0	4	0	0
S052095	0	0	0	2	0	0	0	0	0	0	0	0	2	0
S052112	0	0	0	0	0	0	2	0	2	0	0	0	0	0
S052243	0	0	0	0	0	0	0	0	0	0	0	3	0	3
S052263	2	0	0	0	0	0	0	0	0	0	0	2	0	0
S052289	0	3	0	0	0	0	0	0	0	0	0	0	3	0
S052303	0	2	0	0	0	0	0	0	0	0	0	0	2	0
S062010	0	0	0	0	0	0	3	0	0	0	3	0	0	0
S062018	0	0	0	0	0	2	2	0	0	0	0	0	0	0
S062022	0	0	0	0	1	0	0	0	0	0	0	0	1	0
S062024	0	0	0	0	0	0	0	0	2	2	0	0	0	0
S062042	0	0	0	4	0	0	0	0	0	4	0	0	0	0
S062091	0	2	0	0	2	0	0	0	0	0	0	0	0	0
S062101	0	0	0	0	4	0	0	4	0	0	0	0	0	0
S062116	0	3	0	0	0	0	0	0	0	0	0	0	0	3
S062189	2	0	0	0	0	0	2	0	0	0	0	0	0	0
S062243	0	0	0	4	0	0	0	4	0	0	0	0	0	0
S072000	0	0	0	0	0	0	0	0	4	0	0	0	4	0
S072033	0	0	4	0	0	0	0	0	0	0	0	0	0	4
S072143	0	0	0	0	0	0	0	0	0	4	0	0	0	4
S072232	0	0	0	0	0	0	0	0	4	0	4	0	0	0
S072260	0	0	0	3	0	0	0	3	0	0	0	0	0	0
S072265	0	0	0	0	3	3	0	0	0	0	0	0	0	0
S072345	0	0	0	0	0	0	0	0	0	0	5	0	0	5
S072403	0	0	0	2	0	0	0	0	2	0	0	0	0	0
S072900	2	0	0	2	0	0	0	0	0	0	0	0	0	0
S072905	1	0	0	0	0	0	1	0	0	0	0	0	0	0

Content_Domain
Biology	16	16	16	16	15	15	15	16	16	15	15	15	15	15
Chemistry	9	9	9	9	9	9	9	9	9	9	9	9	9	9
Physics	11	10	12	12	11	13	13	11	10	12	12	13	13	12
Earth_Science	9	10	8	8	10	8	8	9	10	9	9	8	8	9

Cognitive_Domain
Applying	18	19	11	20	13	14	22	13	16	20	19	24	23	18
Knowing	17	10	20	13	19	21	14	19	16	15	16	12	12	16
Reasoning	10	16	14	12	13	10	9	13	13	10	10	9	10	11

Item_Type
MC	27	25	27	34	28	25	33	32	35	31	35	22	29	33
CR	18	20	18	11	17	20	12	13	10	14	10	23	16	12

New_Cycle
0	11	19	13	5	8	10	9	7	3	13	6	15	19	8
1	31	23	30	36	37	30	32	33	40	28	32	27	23	35

Topic

Biology_Knowing
0	41	42	37	37	39	40	41	37	38	39	40	39	44	38
1	4	3	8	8	6	5	4	8	7	6	5	6	1	7

Biology_Applying
1	5	6	6	7	6	7	9	5	8	7	7	5	11	5
0	40	39	39	38	39	38	36	40	37	38	38	40	34	40

Biology_Reasoning
0	38	38	43	44	42	42	43	42	44	43	42	41	42	42
1	7	7	2	1	3	3	2	3	1	2	3	4	3	3

Chemistry_Knowing
0	40	43	41	45	41	41	40	41	40	44	40	44	44	42
1	5	2	4	0	4	4	5	4	5	1	5	1	1	3

Chemistry_Applying
0	42	41	44	40	42	43	42	42	44	42	42	38	41	43
1	3	4	1	5	3	2	3	3	1	3	3	7	4	2

Chemistry_Reasoning
0	44	42	41	41	43	42	44	43	42	40	44	44	41	41
1	1	3	4	4	2	3	1	2	3	5	1	1	4	4

Physics_Knowing
0	42	42	41	43	41	39	44	42	44	42	41	43	38	42
1	3	3	4	2	4	6	1	3	1	3	4	2	7	3

Physics_Applying
0	38	43	42	38	41	40	37	40	43	39	42	38	41	40
1	7	2	3	7	4	5	8	5	2	6	3	7	4	5

Physics_Reasoning
0	44	40	40	42	42	43	41	42	38	42	40	41	43	41
1	1	5	5	3	3	2	4	3	7	3	5	4	2	4

Earth_Knowing
0	40	43	41	42	40	39	41	41	42	40	43	42	42	42
1	5	2	4	3	5	6	4	4	3	5	2	3	3	3

Earth_Applying
0	42	38	44	44	45	45	43	45	40	41	39	40	41	39
1	3	7	1	1	0	0	2	0	5	4	6	5	4	6

Earth_Reasoning
0	44	44	42	41	40	43	43	40	43	45	44	45	44	45
1	1	1	3	4	5	2	2	5	2	0	1	0	1	0

Sum variables

Overlap matrix
	1	2	3	4	5	6	7	8	9	10	11	12	13	14
1	45	1	5	4	2	3	5	6	7	2	2	5	2	1
2	1	45	6	2	5	2	2	1	3	3	4	1	11	4
3	5	6	45	2	2	4	3	3	3	3	2	4	3	5
4	4	2	2	45	4	3	2	9	4	7	1	2	4	1
5	2	5	2	4	45	8	1	6	2	4	3	2	3	2
6	3	2	4	3	8	45	7	5	2	2	1	2	4	2
7	5	2	3	2	1	7	45	2	3	4	7	3	1	5
8	6	1	3	9	6	5	2	45	1	3	1	6	1	1
9	7	3	3	4	2	2	3	1	45	3	7	1	5	4
10	2	3	3	7	4	2	4	3	3	45	3	6	1	4
11	2	4	2	1	3	1	7	1	7	3	45	3	2	9
12	5	1	4	2	2	2	3	6	1	6	3	45	5	5
13	2	11	3	4	3	4	1	1	5	1	2	5	45	2
14	1	4	5	1	2	2	5	1	4	4	9	5	2	45

Item use
1	2.0
2	2.0
3	2.0
4	2.0
5	2.0
6	2.0
7	2.0
8	2.0
9	2.0
10	2.0
11	2.0
12	2.0
13	2.0
14	2.0
15	2.0
16	2.0
17	2.0
18	2.0
20	2.0
21	2.0
22	2.0
23	2.0
24	2.0
25	2.0
26	2.0
27	2.0
28	2.0
29	2.0
30	2.0
31	2.0
32	2.0
33	2.0
34	2.0
35	2.0
36	2.0
37	2.0
38	2.0
39	2.0
40	2.0
41	2.0
42	2.0
43	2.0
44	2.0
45	2.0
46	2.0
47	2.0
48	2.0
49	2.0
50	2.0
51	2.0
52	2.0
53	2.0
54	2.0
55	2.0
57	2.0
58	2.0
59	2.0
60	2.0
61	2.0
62	2.0
63	2.0
64	2.0
65	2.0
66	2.0
67	2.0
68	2.0
69	2.0
70	2.0
71	2.0
72	2.0
73	2.0
74	2.0
75	2.0
76	2.0
77	2.0
78	2.0
79	2.0
80	2.0
81	2.0
82	2.0
83	2.0
85	2.0
86	2.0
87	2.0
88	2.0
89	2.0
90	2.0
91	2.0
92	2.0
93	2.0
94	2.0
95	2.0
96	2.0
97	2.0
98	2.0
99	2.0
100	2.0
101	2.0
102	2.0
103	2.0
104	2.0
105	2.0
106	2.0
107	2.0
108	2.0
109	2.0
110	2.0
111	2.0
112	2.0
113	2.0
114	2.0
115	2.0
116	2.0
117	2.0
118	2.0
119	2.0
120	2.0
121	2.0
122	2.0
123	2.0
124	2.0
125	2.0
126	2.0
128	2.0
131	2.0
132	2.0
133	2.0
134	2.0
135	2.0
137	2.0
138	2.0
139	2.0
140	2.0
141	2.0
142	2.0
143	2.0
144	2.0
145	2.0
146	2.0
147	2.0
148	2.0
149	2.0
150	2.0
151	2.0
152	2.0
153	2.0
154	2.0
155	2.0
156	2.0
157	2.0
158	2.0
159	2.0
160	2.0
161	2.0
162	2.0
163	2.0
164	2.0
165	2.0
166	2.0
167	2.0
168	2.0
169	2.0
170	2.0
171	2.0
172	2.0
173	2.0
174	2.0
175	2.0
176	2.0
177	2.0
178	2.0
179	2.0
180	2.0
181	2.0
182	2.0
183	2.0
184	2.0
185	2.0
186	2.0
187	2.0
188	2.0
189	2.0
190	2.0
191	2.0
192	2.0
193	2.0
194	2.0
195	2.0
196	2.0
197	2.0
198	2.0
199	2.0
200	2.0
201	2.0
203	2.0
204	2.0
205	2.0
206	2.0
207	2.0
208	2.0
209	2.0
210	2.0
211	2.0
212	2.0
213	2.0
214	2.0
215	2.0
216	2.0
217	2.0
218	2.0
219	2.0
220	2.0
221	2.0
222	2.0
223	2.0
224	2.0
225	2.0
226	2.0
227	2.0
228	2.0
229	2.0
230	2.0
231	2.0
232	2.0
233	2.0
234	2.0
235	2.0
236	2.0
237	2.0
238	2.0
239	2.0
240	2.0
241	2.0
242	2.0
243	2.0
244	2.0
245	2.0
246	2.0
247	2.0
249	2.0
250	2.0
251	2.0
252	2.0
253	2.0
254	2.0
255	2.0
256	2.0
257	2.0
258	2.0
259	2.0
260	2.0
261	2.0
262	2.0
263	2.0
264	2.0
266	2.0
267	2.0
268	2.0
269	2.0
270	2.0
271	2.0
272	2.0
273	2.0
274	2.0
275	2.0
276	2.0
277	2.0
278	2.0
279	2.0
280	2.0
281	2.0
282	2.0
283	2.0
284	2.0
285	2.0
286	2.0
287	2.0
288	2.0
289	2.0
290	2.0
291	2.0
292	2.0
293	2.0
294	2.0
295	2.0
296	2.0
297	2.0
298	2.0
299	2.0
300	2.0
301	2.0
303	2.0
304	2.0
305	2.0
306	2.0
307	2.0
308	2.0
309	2.0
310	2.0
311	2.0
312	2.0
313	2.0
314	2.0
315	2.0
316	2.0
317	2.0
318	2.0
319	2.0
320	2.0
321	2.0
322	2.0
323	2.0
324	2.0
325	2.0
265	1.0
302	1.0
19	0.0
56	0.0
84	0.0
127	0.0
129	0.0
130	0.0
136	0.0
202	0.0
248	0.0
